largest Contig, n50, Total Contig Length, KMER, Expected Covereage, Minimum Contig, Coverage Cutoff, Insert Pair Length, Insert Pair Sigma, Scaffolding,Final Graph Node count, used reads, total reads, Final Graph has X Nodes
63805,34668,148210,65,400,700,20,300,13,1,570,867774,2199668,570
63805,34668,148210,61,400,700,20,300,13,1,570,867774,2199668,570
63805,34668,148210,55,400,700,20,300,13,1,570,867774,2199668,570
63285,10266,160114,65,400,700,10,300,1,1,2106,821908,2199668,2106
63285,10266,160114,61,400,700,10,300,1,1,2106,821908,2199668,2106
63285,10266,160114,55,400,700,10,300,1,1,2106,821908,2199668,2106
49806,18249,158424,65,400,700,10,300,6,1,1897,830617,2199668,1897
49806,18249,158424,61,400,700,10,300,6,1,1897,830617,2199668,1897
49806,18249,158424,55,400,700,10,300,6,1,1897,830617,2199668,1897
48434,15120,146862,65,400,700,20,300,6,1,531,870126,2199668,531
48434,15120,146862,61,400,700,20,300,6,1,531,870126,2199668,531
48434,15120,146862,55,400,700,20,300,6,1,531,870126,2199668,531
48283,12872,159998,65,400,700,10,300,9,1,2245,821621,2199668,2245
48283,12872,159998,61,400,700,10,300,9,1,2245,821621,2199668,2245
48283,12872,159998,55,400,700,10,300,9,1,2245,821621,2199668,2245
46071,19088,147256,65,400,700,20,300,1,1,472,911025,2199668,472
46071,19088,147256,61,400,700,20,300,1,1,472,911025,2199668,472
46071,19088,147256,55,400,700,20,300,1,1,472,911025,2199668,472
45477,37569,158107,65,400,700,10,300,13,1,1787,811179,2199668,1787
45477,37569,158107,61,400,700,10,300,13,1,1787,811179,2199668,1787
45477,37569,158107,55,400,700,10,300,13,1,1787,811179,2199668,1787
45241,41111,147610,65,600,700,20,300,13,1,538,871928,2199668,538
45241,41111,147610,65,500,700,20,300,13,1,538,871928,2199668,538
45241,41111,147610,65,350,700,20,300,13,1,538,871928,2199668,538
45241,41111,147610,61,600,700,20,300,13,1,538,871928,2199668,538
45241,41111,147610,61,500,700,20,300,13,1,538,871928,2199668,538
45241,41111,147610,61,350,700,20,300,13,1,538,871928,2199668,538
45241,41111,147610,55,600,700,20,300,13,1,538,871928,2199668,538
45241,41111,147610,55,500,700,20,300,13,1,538,871928,2199668,538
45241,41111,147610,55,350,700,20,300,13,1,538,871928,2199668,538
42404,17317,148274,65,600,700,20,300,1,1,530,866636,2199668,530
42404,17317,148274,65,500,700,20,300,1,1,530,866636,2199668,530
42404,17317,148274,65,350,700,20,300,1,1,530,866636,2199668,530
42404,17317,148274,61,600,700,20,300,1,1,530,866636,2199668,530
42404,17317,148274,61,500,700,20,300,1,1,530,866636,2199668,530
42404,17317,148274,61,350,700,20,300,1,1,530,866636,2199668,530
42404,17317,148274,55,600,700,20,300,1,1,530,866636,2199668,530
42404,17317,148274,55,500,700,20,300,1,1,530,866636,2199668,530
42404,17317,148274,55,350,700,20,300,1,1,530,866636,2199668,530
42093,37975,159351,65,600,700,10,300,1,1,1869,825064,2199668,1869
42093,37975,159351,65,500,700,10,300,1,1,1869,825064,2199668,1869
42093,37975,159351,65,350,700,10,300,1,1,1869,825064,2199668,1869
42093,37975,159351,61,600,700,10,300,1,1,1869,825064,2199668,1869
42093,37975,159351,61,500,700,10,300,1,1,1869,825064,2199668,1869
42093,37975,159351,61,350,700,10,300,1,1,1869,825064,2199668,1869
42093,37975,159351,55,600,700,10,300,1,1,1869,825064,2199668,1869
42093,37975,159351,55,500,700,10,300,1,1,1869,825064,2199668,1869
42093,37975,159351,55,350,700,10,300,1,1,1869,825064,2199668,1869
41911,12324,160235,65,600,700,10,300,13,1,1869,821629,2199668,1869
41911,12324,160235,65,500,700,10,300,13,1,1869,821629,2199668,1869
41911,12324,160235,65,350,700,10,300,13,1,1869,821629,2199668,1869
41911,12324,160235,61,600,700,10,300,13,1,1869,821629,2199668,1869
41911,12324,160235,61,500,700,10,300,13,1,1869,821629,2199668,1869
41911,12324,160235,61,350,700,10,300,13,1,1869,821629,2199668,1869
41911,12324,160235,55,600,700,10,300,13,1,1869,821629,2199668,1869
41911,12324,160235,55,500,700,10,300,13,1,1869,821629,2199668,1869
41911,12324,160235,55,350,700,10,300,13,1,1869,821629,2199668,1869
41268,12520,160159,65,600,700,10,300,11,1,1865,824563,2199668,1865
41268,12520,160159,65,500,700,10,300,11,1,1865,824563,2199668,1865
41268,12520,160159,65,400,700,10,300,11,1,1865,824563,2199668,1865
41268,12520,160159,65,350,700,10,300,11,1,1865,824563,2199668,1865
41268,12520,160159,61,600,700,10,300,11,1,1865,824563,2199668,1865
41268,12520,160159,61,500,700,10,300,11,1,1865,824563,2199668,1865
41268,12520,160159,61,400,700,10,300,11,1,1865,824563,2199668,1865
41268,12520,160159,61,350,700,10,300,11,1,1865,824563,2199668,1865
41268,12520,160159,55,600,700,10,300,11,1,1865,824563,2199668,1865
41268,12520,160159,55,500,700,10,300,11,1,1865,824563,2199668,1865
41268,12520,160159,55,400,700,10,300,11,1,1865,824563,2199668,1865
41268,12520,160159,55,350,700,10,300,11,1,1865,824563,2199668,1865
40138,12134,160155,65,600,700,10,300,9,1,1866,822434,2199668,1866
40138,12134,160155,65,500,700,10,300,9,1,1866,822434,2199668,1866
40138,12134,160155,65,350,700,10,300,9,1,1866,822434,2199668,1866
40138,12134,160155,61,600,700,10,300,9,1,1866,822434,2199668,1866
40138,12134,160155,61,500,700,10,300,9,1,1866,822434,2199668,1866
40138,12134,160155,61,350,700,10,300,9,1,1866,822434,2199668,1866
40138,12134,160155,55,600,700,10,300,9,1,1866,822434,2199668,1866
40138,12134,160155,55,500,700,10,300,9,1,1866,822434,2199668,1866
40138,12134,160155,55,350,700,10,300,9,1,1866,822434,2199668,1866
36306,14641,148139,65,400,700,20,300,9,1,598,870802,2199668,598
36306,14641,148139,61,400,700,20,300,9,1,598,870802,2199668,598
36306,14641,148139,55,400,700,20,300,9,1,598,870802,2199668,598
32755,16630,147303,65,600,700,20,300,11,1,532,867783,2199668,532
32755,16630,147303,65,500,700,20,300,11,1,532,867783,2199668,532
32755,16630,147303,65,400,700,20,300,11,1,532,867783,2199668,532
32755,16630,147303,65,350,700,20,300,11,1,532,867783,2199668,532
32755,16630,147303,61,600,700,20,300,11,1,532,867783,2199668,532
32755,16630,147303,61,500,700,20,300,11,1,532,867783,2199668,532
32755,16630,147303,61,400,700,20,300,11,1,532,867783,2199668,532
32755,16630,147303,61,350,700,20,300,11,1,532,867783,2199668,532
32755,16630,147303,55,600,700,20,300,11,1,532,867783,2199668,532
32755,16630,147303,55,500,700,20,300,11,1,532,867783,2199668,532
32755,16630,147303,55,400,700,20,300,11,1,532,867783,2199668,532
32755,16630,147303,55,350,700,20,300,11,1,532,867783,2199668,532
31954,12285,160317,65,600,700,10,300,6,1,1865,821196,2199668,1865
31954,12285,160317,65,500,700,10,300,6,1,1865,821196,2199668,1865
31954,12285,160317,65,350,700,10,300,6,1,1865,821196,2199668,1865
31954,12285,160317,61,600,700,10,300,6,1,1865,821196,2199668,1865
31954,12285,160317,61,500,700,10,300,6,1,1865,821196,2199668,1865
31954,12285,160317,61,350,700,10,300,6,1,1865,821196,2199668,1865
31954,12285,160317,55,600,700,10,300,6,1,1865,821196,2199668,1865
31954,12285,160317,55,500,700,10,300,6,1,1865,821196,2199668,1865
31954,12285,160317,55,350,700,10,300,6,1,1865,821196,2199668,1865
31630,19783,147463,65,600,700,20,300,6,1,531,870202,2199668,531
31630,19783,147463,65,500,700,20,300,6,1,531,870202,2199668,531
31630,19783,147463,65,350,700,20,300,6,1,531,870202,2199668,531
31630,19783,147463,61,600,700,20,300,6,1,531,870202,2199668,531
31630,19783,147463,61,500,700,20,300,6,1,531,870202,2199668,531
31630,19783,147463,61,350,700,20,300,6,1,531,870202,2199668,531
31630,19783,147463,55,600,700,20,300,6,1,531,870202,2199668,531
31630,19783,147463,55,500,700,20,300,6,1,531,870202,2199668,531
31630,19783,147463,55,350,700,20,300,6,1,531,870202,2199668,531
31625,16632,146982,65,600,700,20,300,9,1,530,874039,2199668,530
31625,16632,146982,65,500,700,20,300,9,1,530,874039,2199668,530
31625,16632,146982,65,350,700,20,300,9,1,530,874039,2199668,530
31625,16632,146982,61,600,700,20,300,9,1,530,874039,2199668,530
31625,16632,146982,61,500,700,20,300,9,1,530,874039,2199668,530
31625,16632,146982,61,350,700,20,300,9,1,530,874039,2199668,530
31625,16632,146982,55,600,700,20,300,9,1,530,874039,2199668,530
31625,16632,146982,55,500,700,20,300,9,1,530,874039,2199668,530
31625,16632,146982,55,350,700,20,300,9,1,530,874039,2199668,530
27980,3221,143100,65,400,700,20,300,6,0,590,751812,2199668,590
27980,3221,143100,61,400,700,20,300,6,0,590,751812,2199668,590
27980,3221,143100,55,400,700,20,300,6,0,590,751812,2199668,590
27980,2742,156140,65,600,700,10,300,1,0,1913,745084,2199668,1913
27980,2742,156140,65,500,700,10,300,1,0,1913,745084,2199668,1913
27980,2742,156140,65,350,700,10,300,1,0,1913,745084,2199668,1913
27980,2742,156140,61,600,700,10,300,1,0,1913,745084,2199668,1913
27980,2742,156140,61,500,700,10,300,1,0,1913,745084,2199668,1913
27980,2742,156140,61,350,700,10,300,1,0,1913,745084,2199668,1913
27980,2742,156140,55,600,700,10,300,1,0,1913,745084,2199668,1913
27980,2742,156140,55,500,700,10,300,1,0,1913,745084,2199668,1913
27980,2742,156140,55,350,700,10,300,1,0,1913,745084,2199668,1913
27979,2955,156333,65,600,700,10,300,6,0,1922,731032,2199668,1922
27979,2955,156333,65,500,700,10,300,6,0,1922,731032,2199668,1922
27979,2955,156333,65,350,700,10,300,6,0,1922,731032,2199668,1922
27979,2955,156333,61,600,700,10,300,6,0,1922,731032,2199668,1922
27979,2955,156333,61,500,700,10,300,6,0,1922,731032,2199668,1922
27979,2955,156333,61,350,700,10,300,6,0,1922,731032,2199668,1922
27979,2955,156333,55,600,700,10,300,6,0,1922,731032,2199668,1922
27979,2955,156333,55,500,700,10,300,6,0,1922,731032,2199668,1922
27979,2955,156333,55,350,700,10,300,6,0,1922,731032,2199668,1922
27978,2591,156308,65,600,700,10,300,9,0,1920,735960,2199668,1920
27978,2591,156308,65,500,700,10,300,9,0,1920,735960,2199668,1920
27978,2591,156308,65,350,700,10,300,9,0,1920,735960,2199668,1920
27978,2591,156308,61,600,700,10,300,9,0,1920,735960,2199668,1920
27978,2591,156308,61,500,700,10,300,9,0,1920,735960,2199668,1920
27978,2591,156308,61,350,700,10,300,9,0,1920,735960,2199668,1920
27978,2591,156308,55,600,700,10,300,9,0,1920,735960,2199668,1920
27978,2591,156308,55,500,700,10,300,9,0,1920,735960,2199668,1920
27978,2591,156308,55,350,700,10,300,9,0,1920,735960,2199668,1920
27947,2921,155066,65,400,700,10,300,6,0,1934,751185,2199668,1934
27947,2921,155066,61,400,700,10,300,6,0,1934,751185,2199668,1934
27947,2921,155066,55,400,700,10,300,6,0,1934,751185,2199668,1934
26185,3112,144535,65,600,700,20,300,9,0,587,753708,2199668,587
26185,3112,144535,65,500,700,20,300,9,0,587,753708,2199668,587
26185,3112,144535,65,350,700,20,300,9,0,587,753708,2199668,587
26185,3112,144535,61,600,700,20,300,9,0,587,753708,2199668,587
26185,3112,144535,61,500,700,20,300,9,0,587,753708,2199668,587
26185,3112,144535,61,350,700,20,300,9,0,587,753708,2199668,587
26185,3112,144535,55,600,700,20,300,9,0,587,753708,2199668,587
26185,3112,144535,55,500,700,20,300,9,0,587,753708,2199668,587
26185,3112,144535,55,350,700,20,300,9,0,587,753708,2199668,587
26185,2921,144608,65,600,700,20,300,6,0,588,751286,2199668,588
26185,2921,144608,65,500,700,20,300,6,0,588,751286,2199668,588
26185,2921,144608,65,350,700,20,300,6,0,588,751286,2199668,588
26185,2921,144608,61,600,700,20,300,6,0,588,751286,2199668,588
26185,2921,144608,61,500,700,20,300,6,0,588,751286,2199668,588
26185,2921,144608,61,350,700,20,300,6,0,588,751286,2199668,588
26185,2921,144608,55,600,700,20,300,6,0,588,751286,2199668,588
26185,2921,144608,55,500,700,20,300,6,0,588,751286,2199668,588
26185,2921,144608,55,350,700,20,300,6,0,588,751286,2199668,588
26097,2947,144701,65,600,700,20,300,1,0,590,771289,2199668,590
26097,2947,144701,65,500,700,20,300,1,0,590,771289,2199668,590
26097,2947,144701,65,350,700,20,300,1,0,590,771289,2199668,590
26097,2947,144701,61,600,700,20,300,1,0,590,771289,2199668,590
26097,2947,144701,61,500,700,20,300,1,0,590,771289,2199668,590
26097,2947,144701,61,350,700,20,300,1,0,590,771289,2199668,590
26097,2947,144701,55,600,700,20,300,1,0,590,771289,2199668,590
26097,2947,144701,55,500,700,20,300,1,0,590,771289,2199668,590
26097,2947,144701,55,350,700,20,300,1,0,590,771289,2199668,590
25031,2954,144552,65,600,700,20,300,13,0,587,756683,2199668,587
25031,2954,144552,65,500,700,20,300,13,0,587,756683,2199668,587
25031,2954,144552,65,350,700,20,300,13,0,587,756683,2199668,587
25031,2954,144552,61,600,700,20,300,13,0,587,756683,2199668,587
25031,2954,144552,61,500,700,20,300,13,0,587,756683,2199668,587
25031,2954,144552,61,350,700,20,300,13,0,587,756683,2199668,587
25031,2954,144552,55,600,700,20,300,13,0,587,756683,2199668,587
25031,2954,144552,55,500,700,20,300,13,0,587,756683,2199668,587
25031,2954,144552,55,350,700,20,300,13,0,587,756683,2199668,587
20860,2554,144797,65,400,700,20,300,9,0,678,718604,2199668,678
20860,2554,144797,61,400,700,20,300,9,0,678,718604,2199668,678
20860,2554,144797,55,400,700,20,300,9,0,678,718604,2199668,678
19735,2955,156229,65,600,700,10,300,11,0,1920,736417,2199668,1920
19735,2955,156229,65,500,700,10,300,11,0,1920,736417,2199668,1920
19735,2955,156229,65,400,700,10,300,11,0,1920,736417,2199668,1920
19735,2955,156229,65,350,700,10,300,11,0,1920,736417,2199668,1920
19735,2955,156229,61,600,700,10,300,11,0,1920,736417,2199668,1920
19735,2955,156229,61,500,700,10,300,11,0,1920,736417,2199668,1920
19735,2955,156229,61,400,700,10,300,11,0,1920,736417,2199668,1920
19735,2955,156229,61,350,700,10,300,11,0,1920,736417,2199668,1920
19735,2955,156229,55,600,700,10,300,11,0,1920,736417,2199668,1920
19735,2955,156229,55,500,700,10,300,11,0,1920,736417,2199668,1920
19735,2955,156229,55,400,700,10,300,11,0,1920,736417,2199668,1920
19735,2955,156229,55,350,700,10,300,11,0,1920,736417,2199668,1920
19735,2591,156234,65,600,700,10,300,13,0,1920,741860,2199668,1920
19735,2591,156234,65,500,700,10,300,13,0,1920,741860,2199668,1920
19735,2591,156234,65,350,700,10,300,13,0,1920,741860,2199668,1920
19735,2591,156234,61,600,700,10,300,13,0,1920,741860,2199668,1920
19735,2591,156234,61,500,700,10,300,13,0,1920,741860,2199668,1920
19735,2591,156234,61,350,700,10,300,13,0,1920,741860,2199668,1920
19735,2591,156234,55,600,700,10,300,13,0,1920,741860,2199668,1920
19735,2591,156234,55,500,700,10,300,13,0,1920,741860,2199668,1920
19735,2591,156234,55,350,700,10,300,13,0,1920,741860,2199668,1920
19588,3540,157511,65,400,700,10,300,1,0,2143,762538,2199668,2143
19588,3540,157511,61,400,700,10,300,1,0,2143,762538,2199668,2143
19588,3540,157511,55,400,700,10,300,1,0,2143,762538,2199668,2143
19584,3201,144585,65,400,700,20,300,1,0,545,763966,2199668,545
19584,3201,144585,61,400,700,20,300,1,0,545,763966,2199668,545
19584,3201,144585,55,400,700,20,300,1,0,545,763966,2199668,545
18678,3112,144547,65,600,700,20,300,11,0,587,749034,2199668,587
18678,3112,144547,65,500,700,20,300,11,0,587,749034,2199668,587
18678,3112,144547,65,400,700,20,300,11,0,587,749034,2199668,587
18678,3112,144547,65,350,700,20,300,11,0,587,749034,2199668,587
18678,3112,144547,61,600,700,20,300,11,0,587,749034,2199668,587
18678,3112,144547,61,500,700,20,300,11,0,587,749034,2199668,587
18678,3112,144547,61,400,700,20,300,11,0,587,749034,2199668,587
18678,3112,144547,61,350,700,20,300,11,0,587,749034,2199668,587
18678,3112,144547,55,600,700,20,300,11,0,587,749034,2199668,587
18678,3112,144547,55,500,700,20,300,11,0,587,749034,2199668,587
18678,3112,144547,55,400,700,20,300,11,0,587,749034,2199668,587
18678,3112,144547,55,350,700,20,300,11,0,587,749034,2199668,587
18666,2855,157289,65,400,700,10,300,9,0,2303,725644,2199668,2303
18666,2855,157289,61,400,700,10,300,9,0,2303,725644,2199668,2303
18666,2855,157289,55,400,700,10,300,9,0,2303,725644,2199668,2303
15476,3272,144897,65,400,700,20,300,13,0,625,768198,2199668,625
15476,3272,144897,61,400,700,20,300,13,0,625,768198,2199668,625
15476,3272,144897,55,400,700,20,300,13,0,625,768198,2199668,625
15475,3552,154811,65,400,700,10,300,13,0,1829,752356,2199668,1829
15475,3552,154811,61,400,700,10,300,13,0,1829,752356,2199668,1829
15475,3552,154811,55,400,700,10,300,13,0,1829,752356,2199668,1829
