largest Contig, n50, Total Contig Length, KMER, Expected Covereage, Minimum Contig, Coverage Cutoff, Insert Pair Length, Insert Pair Sigma, Scaffolding,Final Graph Node count, used reads, total reads, Final Graph has X Nodes
110275,110275,188784,61,500,1000,20,300,13,0,47,902017,2020672,47
110275,110275,188784,61,500,500,20,300,13,0,47,905526,2020672,47
110275,110275,188784,61,500,100,20,300,13,0,47,905952,2020672,47
110275,110275,188784,51,500,1000,20,300,13,0,47,902017,2020672,47
110275,110275,188784,51,500,500,20,300,13,0,47,905526,2020672,47
110275,110275,188784,51,500,100,20,300,13,0,47,905952,2020672,47
110275,110275,188784,41,500,1000,20,300,13,0,47,902017,2020672,47
110275,110275,188784,41,500,500,20,300,13,0,47,905526,2020672,47
110275,110275,188784,41,500,100,20,300,13,0,47,905952,2020672,47
110275,110275,188784,31,500,1000,20,300,13,0,47,902017,2020672,47
110275,110275,188784,31,500,500,20,300,13,0,47,905526,2020672,47
110275,110275,188784,31,500,100,20,300,13,0,47,905952,2020672,47
110274,110274,188784,61,500,1000,20,300,9,0,47,905526,2020672,47
110274,110274,188784,61,500,500,20,300,9,0,47,905526,2020672,47
110274,110274,188784,61,500,100,20,300,9,0,47,905952,2020672,47
110274,110274,188784,51,500,1000,20,300,9,0,47,905526,2020672,47
110274,110274,188784,51,500,500,20,300,9,0,47,905526,2020672,47
110274,110274,188784,51,500,100,20,300,9,0,47,905952,2020672,47
110274,110274,188784,41,500,1000,20,300,9,0,47,905526,2020672,47
110274,110274,188784,41,500,500,20,300,9,0,47,905526,2020672,47
110274,110274,188784,41,500,100,20,300,9,0,47,905952,2020672,47
110274,110274,188784,31,500,1000,20,300,9,0,47,905526,2020672,47
110274,110274,188784,31,500,500,20,300,9,0,47,905526,2020672,47
110274,110274,188784,31,500,100,20,300,9,0,47,905952,2020672,47
110272,110272,189738,61,500,1000,10,300,13,0,174,900021,2020672,174
110272,110272,189738,61,500,500,10,300,13,0,174,903530,2020672,174
110272,110272,189738,61,500,100,10,300,13,0,174,903900,2020672,174
110272,110272,189738,51,500,1000,10,300,13,0,174,900021,2020672,174
110272,110272,189738,51,500,500,10,300,13,0,174,903530,2020672,174
110272,110272,189738,51,500,100,10,300,13,0,174,903900,2020672,174
110272,110272,189738,41,500,1000,10,300,13,0,174,900021,2020672,174
110272,110272,189738,41,500,500,10,300,13,0,174,903530,2020672,174
110272,110272,189738,41,500,100,10,300,13,0,174,903900,2020672,174
110272,110272,189738,31,500,1000,10,300,13,0,174,900021,2020672,174
110272,110272,189738,31,500,500,10,300,13,0,174,903530,2020672,174
110272,110272,189738,31,500,100,10,300,13,0,174,903900,2020672,174
110270,110270,189729,61,500,1000,10,300,23,0,175,900021,2020672,175
110270,110270,189729,61,500,500,10,300,23,0,175,903530,2020672,175
110270,110270,189729,61,500,100,10,300,23,0,175,903900,2020672,175
110270,110270,189729,61,400,1000,10,300,23,0,175,900021,2020672,175
110270,110270,189729,61,400,500,10,300,23,0,175,903530,2020672,175
110270,110270,189729,61,400,100,10,300,23,0,175,903900,2020672,175
110270,110270,189729,51,500,1000,10,300,23,0,175,900021,2020672,175
110270,110270,189729,51,500,500,10,300,23,0,175,903530,2020672,175
110270,110270,189729,51,500,100,10,300,23,0,175,903900,2020672,175
110270,110270,189729,51,400,1000,10,300,23,0,175,900021,2020672,175
110270,110270,189729,51,400,500,10,300,23,0,175,903530,2020672,175
110270,110270,189729,51,400,100,10,300,23,0,175,903900,2020672,175
110270,110270,189729,41,500,1000,10,300,23,0,175,900021,2020672,175
110270,110270,189729,41,500,500,10,300,23,0,175,903530,2020672,175
110270,110270,189729,41,500,100,10,300,23,0,175,903900,2020672,175
110270,110270,189729,41,400,1000,10,300,23,0,175,900021,2020672,175
110270,110270,189729,41,400,500,10,300,23,0,175,903530,2020672,175
110270,110270,189729,41,400,100,10,300,23,0,175,903900,2020672,175
110270,110270,189729,31,500,1000,10,300,23,0,175,900021,2020672,175
110270,110270,189729,31,500,500,10,300,23,0,175,903530,2020672,175
110270,110270,189729,31,500,100,10,300,23,0,175,903900,2020672,175
110270,110270,189729,31,400,1000,10,300,23,0,175,900021,2020672,175
110270,110270,189729,31,400,500,10,300,23,0,175,903530,2020672,175
110270,110270,189729,31,400,100,10,300,23,0,175,903900,2020672,175
110159,110159,188785,61,500,1000,20,300,23,0,47,902017,2020672,47
110159,110159,188785,61,500,500,20,300,23,0,47,905526,2020672,47
110159,110159,188785,61,500,100,20,300,23,0,47,905952,2020672,47
110159,110159,188785,61,400,1000,20,300,23,0,47,902017,2020672,47
110159,110159,188785,61,400,500,20,300,23,0,47,905526,2020672,47
110159,110159,188785,61,400,100,20,300,23,0,47,905952,2020672,47
110159,110159,188785,51,500,1000,20,300,23,0,47,902017,2020672,47
110159,110159,188785,51,500,500,20,300,23,0,47,905526,2020672,47
110159,110159,188785,51,500,100,20,300,23,0,47,905952,2020672,47
110159,110159,188785,51,400,1000,20,300,23,0,47,902017,2020672,47
110159,110159,188785,51,400,500,20,300,23,0,47,905526,2020672,47
110159,110159,188785,51,400,100,20,300,23,0,47,905952,2020672,47
110159,110159,188785,41,500,1000,20,300,23,0,47,902017,2020672,47
110159,110159,188785,41,500,500,20,300,23,0,47,905526,2020672,47
110159,110159,188785,41,500,100,20,300,23,0,47,905952,2020672,47
110159,110159,188785,41,400,1000,20,300,23,0,47,902017,2020672,47
110159,110159,188785,41,400,500,20,300,23,0,47,905526,2020672,47
110159,110159,188785,41,400,100,20,300,23,0,47,905952,2020672,47
110159,110159,188785,31,500,1000,20,300,23,0,47,902017,2020672,47
110159,110159,188785,31,500,500,20,300,23,0,47,905526,2020672,47
110159,110159,188785,31,500,100,20,300,23,0,47,905952,2020672,47
110159,110159,188785,31,400,1000,20,300,23,0,47,902017,2020672,47
110159,110159,188785,31,400,500,20,300,23,0,47,905526,2020672,47
110159,110159,188785,31,400,100,20,300,23,0,47,905952,2020672,47
110158,110158,188784,61,500,1000,20,300,5,0,47,902017,2020672,47
110158,110158,188784,61,500,500,20,300,5,0,47,905526,2020672,47
110158,110158,188784,61,500,100,20,300,5,0,47,905952,2020672,47
110158,110158,188784,51,500,1000,20,300,5,0,47,902017,2020672,47
110158,110158,188784,51,500,500,20,300,5,0,47,905526,2020672,47
110158,110158,188784,51,500,100,20,300,5,0,47,905952,2020672,47
110158,110158,188784,41,500,1000,20,300,5,0,47,902017,2020672,47
110158,110158,188784,41,500,500,20,300,5,0,47,905526,2020672,47
110158,110158,188784,41,500,100,20,300,5,0,47,905952,2020672,47
110158,110158,188784,31,500,1000,20,300,5,0,47,902017,2020672,47
110158,110158,188784,31,500,500,20,300,5,0,47,905526,2020672,47
110158,110158,188784,31,500,100,20,300,5,0,47,905952,2020672,47
110053,110053,188783,61,500,1000,20,300,1,0,48,904453,2020672,48
110053,110053,188783,61,500,500,20,300,1,0,48,904453,2020672,48
110053,110053,188783,61,500,100,20,300,1,0,48,905952,2020672,48
110053,110053,188783,51,500,1000,20,300,1,0,48,904453,2020672,48
110053,110053,188783,51,500,500,20,300,1,0,48,904453,2020672,48
110053,110053,188783,51,500,100,20,300,1,0,48,905952,2020672,48
110053,110053,188783,41,500,1000,20,300,1,0,48,904453,2020672,48
110053,110053,188783,41,500,500,20,300,1,0,48,904453,2020672,48
110053,110053,188783,41,500,100,20,300,1,0,48,905952,2020672,48
110053,110053,188783,31,500,1000,20,300,1,0,48,904453,2020672,48
110053,110053,188783,31,500,500,20,300,1,0,48,904453,2020672,48
110053,110053,188783,31,500,100,20,300,1,0,48,905952,2020672,48
67225,43042,189729,61,500,1000,10,300,5,0,176,900021,2020672,176
67225,43042,189729,61,500,500,10,300,5,0,176,903530,2020672,176
67225,43042,189729,61,500,100,10,300,5,0,176,903900,2020672,176
67225,43042,189729,51,500,1000,10,300,5,0,176,900021,2020672,176
67225,43042,189729,51,500,500,10,300,5,0,176,903530,2020672,176
67225,43042,189729,51,500,100,10,300,5,0,176,903900,2020672,176
67225,43042,189729,41,500,1000,10,300,5,0,176,900021,2020672,176
67225,43042,189729,41,500,500,10,300,5,0,176,903530,2020672,176
67225,43042,189729,41,500,100,10,300,5,0,176,903900,2020672,176
67225,43042,189729,31,500,1000,10,300,5,0,176,900021,2020672,176
67225,43042,189729,31,500,500,10,300,5,0,176,903530,2020672,176
67225,43042,189729,31,500,100,10,300,5,0,176,903900,2020672,176
67225,43042,189726,61,500,1000,10,300,9,0,176,900021,2020672,176
67225,43042,189726,61,500,500,10,300,9,0,176,903530,2020672,176
67225,43042,189726,61,500,100,10,300,9,0,176,903900,2020672,176
67225,43042,189726,51,500,1000,10,300,9,0,176,900021,2020672,176
67225,43042,189726,51,500,500,10,300,9,0,176,903530,2020672,176
67225,43042,189726,51,500,100,10,300,9,0,176,903900,2020672,176
67225,43042,189726,41,500,1000,10,300,9,0,176,900021,2020672,176
67225,43042,189726,41,500,500,10,300,9,0,176,903530,2020672,176
67225,43042,189726,41,500,100,10,300,9,0,176,903900,2020672,176
67225,43042,189726,31,500,1000,10,300,9,0,176,900021,2020672,176
67225,43042,189726,31,500,500,10,300,9,0,176,903530,2020672,176
67225,43042,189726,31,500,100,10,300,9,0,176,903900,2020672,176
56140,43043,189673,61,500,1000,10,300,1,0,174,900391,2020672,174
56140,43043,189673,61,500,500,10,300,1,0,174,903900,2020672,174
56140,43043,189673,61,500,100,10,300,1,0,174,904326,2020672,174
56140,43043,189673,51,500,1000,10,300,1,0,174,900391,2020672,174
56140,43043,189673,51,500,500,10,300,1,0,174,903900,2020672,174
56140,43043,189673,51,500,100,10,300,1,0,174,904326,2020672,174
56140,43043,189673,41,500,1000,10,300,1,0,174,900391,2020672,174
56140,43043,189673,41,500,500,10,300,1,0,174,903900,2020672,174
56140,43043,189673,41,500,100,10,300,1,0,174,904326,2020672,174
56140,43043,189673,31,500,1000,10,300,1,0,174,900391,2020672,174
56140,43043,189673,31,500,500,10,300,1,0,174,903900,2020672,174
56140,43043,189673,31,500,100,10,300,1,0,174,904326,2020672,174
10596,3164,187183,61,500,1000,30,300,23,0,138,788766,2020672,138
10596,3164,187183,61,500,1000,30,300,13,0,138,788766,2020672,138
10596,3164,187183,61,500,500,30,300,23,0,138,866943,2020672,138
10596,3164,187183,61,500,500,30,300,13,0,138,866943,2020672,138
10596,3164,187183,61,500,100,30,300,23,0,138,902693,2020672,138
10596,3164,187183,61,500,100,30,300,13,0,138,902693,2020672,138
10596,3164,187183,61,400,1000,30,300,23,0,138,788766,2020672,138
10596,3164,187183,61,400,500,30,300,23,0,138,866943,2020672,138
10596,3164,187183,61,400,100,30,300,23,0,138,902693,2020672,138
10596,3164,187183,51,500,1000,30,300,23,0,138,788766,2020672,138
10596,3164,187183,51,500,1000,30,300,13,0,138,788766,2020672,138
10596,3164,187183,51,500,500,30,300,23,0,138,866943,2020672,138
10596,3164,187183,51,500,500,30,300,13,0,138,866943,2020672,138
10596,3164,187183,51,500,100,30,300,23,0,138,902693,2020672,138
10596,3164,187183,51,500,100,30,300,13,0,138,902693,2020672,138
10596,3164,187183,51,400,1000,30,300,23,0,138,788766,2020672,138
10596,3164,187183,51,400,500,30,300,23,0,138,866943,2020672,138
10596,3164,187183,51,400,100,30,300,23,0,138,902693,2020672,138
10596,3164,187183,41,500,1000,30,300,23,0,138,788766,2020672,138
10596,3164,187183,41,500,1000,30,300,13,0,138,788766,2020672,138
10596,3164,187183,41,500,500,30,300,23,0,138,866943,2020672,138
10596,3164,187183,41,500,500,30,300,13,0,138,866943,2020672,138
10596,3164,187183,41,500,100,30,300,23,0,138,902693,2020672,138
10596,3164,187183,41,500,100,30,300,13,0,138,902693,2020672,138
10596,3164,187183,41,400,1000,30,300,23,0,138,788766,2020672,138
10596,3164,187183,41,400,500,30,300,23,0,138,866943,2020672,138
10596,3164,187183,41,400,100,30,300,23,0,138,902693,2020672,138
10596,3164,187183,31,500,1000,30,300,23,0,138,788766,2020672,138
10596,3164,187183,31,500,1000,30,300,13,0,138,788766,2020672,138
10596,3164,187183,31,500,500,30,300,23,0,138,866943,2020672,138
10596,3164,187183,31,500,500,30,300,13,0,138,866943,2020672,138
10596,3164,187183,31,500,100,30,300,23,0,138,902693,2020672,138
10596,3164,187183,31,500,100,30,300,13,0,138,902693,2020672,138
10596,3164,187183,31,400,1000,30,300,23,0,138,788766,2020672,138
10596,3164,187183,31,400,500,30,300,23,0,138,866943,2020672,138
10596,3164,187183,31,400,100,30,300,23,0,138,902693,2020672,138
10596,3153,187183,61,500,1000,30,300,9,0,138,792275,2020672,138
10596,3153,187183,61,500,1000,30,300,5,0,138,792275,2020672,138
10596,3153,187183,61,500,1000,30,300,1,0,138,794545,2020672,138
10596,3153,187183,61,500,500,30,300,9,0,138,866943,2020672,138
10596,3153,187183,61,500,500,30,300,5,0,138,866943,2020672,138
10596,3153,187183,61,500,500,30,300,1,0,138,866943,2020672,138
10596,3153,187183,61,500,100,30,300,9,0,138,902693,2020672,138
10596,3153,187183,61,500,100,30,300,5,0,138,902693,2020672,138
10596,3153,187183,61,500,100,30,300,1,0,138,902693,2020672,138
10596,3153,187183,51,500,1000,30,300,9,0,138,792275,2020672,138
10596,3153,187183,51,500,1000,30,300,5,0,138,792275,2020672,138
10596,3153,187183,51,500,1000,30,300,1,0,138,794545,2020672,138
10596,3153,187183,51,500,500,30,300,9,0,138,866943,2020672,138
10596,3153,187183,51,500,500,30,300,5,0,138,866943,2020672,138
10596,3153,187183,51,500,500,30,300,1,0,138,866943,2020672,138
10596,3153,187183,51,500,100,30,300,9,0,138,902693,2020672,138
10596,3153,187183,51,500,100,30,300,5,0,138,902693,2020672,138
10596,3153,187183,51,500,100,30,300,1,0,138,902693,2020672,138
10596,3153,187183,41,500,1000,30,300,9,0,138,792275,2020672,138
10596,3153,187183,41,500,1000,30,300,5,0,138,792275,2020672,138
10596,3153,187183,41,500,1000,30,300,1,0,138,794545,2020672,138
10596,3153,187183,41,500,500,30,300,9,0,138,866943,2020672,138
10596,3153,187183,41,500,500,30,300,5,0,138,866943,2020672,138
10596,3153,187183,41,500,500,30,300,1,0,138,866943,2020672,138
10596,3153,187183,41,500,100,30,300,9,0,138,902693,2020672,138
10596,3153,187183,41,500,100,30,300,5,0,138,902693,2020672,138
10596,3153,187183,41,500,100,30,300,1,0,138,902693,2020672,138
10596,3153,187183,31,500,1000,30,300,9,0,138,792275,2020672,138
10596,3153,187183,31,500,1000,30,300,5,0,138,792275,2020672,138
10596,3153,187183,31,500,1000,30,300,1,0,138,794545,2020672,138
10596,3153,187183,31,500,500,30,300,9,0,138,866943,2020672,138
10596,3153,187183,31,500,500,30,300,5,0,138,866943,2020672,138
10596,3153,187183,31,500,500,30,300,1,0,138,866943,2020672,138
10596,3153,187183,31,500,100,30,300,9,0,138,902693,2020672,138
10596,3153,187183,31,500,100,30,300,5,0,138,902693,2020672,138
10596,3153,187183,31,500,100,30,300,1,0,138,902693,2020672,138
1005,326,24379,61,400,1000,10,300,13,0,113,1231,505168,113
1005,326,24379,61,400,1000,10,300,9,0,113,1231,505168,113
1005,326,24379,61,400,1000,10,300,5,0,113,1231,505168,113
1005,326,24379,61,400,1000,10,300,1,0,113,1231,505168,113
1005,326,24379,61,400,500,10,300,13,0,113,9190,505168,113
1005,326,24379,61,400,500,10,300,9,0,113,9190,505168,113
1005,326,24379,61,400,500,10,300,5,0,113,9190,505168,113
1005,326,24379,61,400,500,10,300,1,0,113,9190,505168,113
1005,326,24379,61,400,100,10,300,13,0,113,30940,505168,113
1005,326,24379,61,400,100,10,300,9,0,113,30940,505168,113
1005,326,24379,61,400,100,10,300,5,0,113,30940,505168,113
1005,326,24379,61,400,100,10,300,1,0,113,30940,505168,113
1005,326,24379,61,300,1000,10,300,23,0,113,1231,505168,113
1005,326,24379,61,300,1000,10,300,13,0,113,1231,505168,113
1005,326,24379,61,300,1000,10,300,9,0,113,1231,505168,113
1005,326,24379,61,300,1000,10,300,5,0,113,1231,505168,113
1005,326,24379,61,300,1000,10,300,1,0,113,1231,505168,113
1005,326,24379,61,300,500,10,300,23,0,113,9190,505168,113
1005,326,24379,61,300,500,10,300,13,0,113,9190,505168,113
1005,326,24379,61,300,500,10,300,9,0,113,9190,505168,113
1005,326,24379,61,300,500,10,300,5,0,113,9190,505168,113
1005,326,24379,61,300,500,10,300,1,0,113,9190,505168,113
1005,326,24379,61,300,100,10,300,23,0,113,30940,505168,113
1005,326,24379,61,300,100,10,300,13,0,113,30940,505168,113
1005,326,24379,61,300,100,10,300,9,0,113,30940,505168,113
1005,326,24379,61,300,100,10,300,5,0,113,30940,505168,113
1005,326,24379,61,300,100,10,300,1,0,113,30940,505168,113
1005,326,24379,61,100,1000,10,300,23,0,113,1231,505168,113
1005,326,24379,61,100,1000,10,300,13,0,113,1231,505168,113
1005,326,24379,61,100,1000,10,300,9,0,113,1231,505168,113
1005,326,24379,61,100,1000,10,300,5,0,113,1231,505168,113
1005,326,24379,61,100,500,10,300,23,0,113,9190,505168,113
1005,326,24379,61,100,500,10,300,13,0,113,9190,505168,113
1005,326,24379,61,100,500,10,300,9,0,113,9190,505168,113
1005,326,24379,61,100,500,10,300,5,0,113,9190,505168,113
1005,326,24379,61,100,100,10,300,23,0,113,30940,505168,113
1005,326,24379,61,100,100,10,300,13,0,113,30940,505168,113
1005,326,24379,61,100,100,10,300,9,0,113,30940,505168,113
1005,326,24379,61,100,100,10,300,5,0,113,30940,505168,113
1005,326,24379,51,400,1000,10,300,13,0,113,1231,505168,113
1005,326,24379,51,400,1000,10,300,9,0,113,1231,505168,113
1005,326,24379,51,400,1000,10,300,5,0,113,1231,505168,113
1005,326,24379,51,400,1000,10,300,1,0,113,1231,505168,113
1005,326,24379,51,400,500,10,300,13,0,113,9190,505168,113
1005,326,24379,51,400,500,10,300,9,0,113,9190,505168,113
1005,326,24379,51,400,500,10,300,5,0,113,9190,505168,113
1005,326,24379,51,400,500,10,300,1,0,113,9190,505168,113
1005,326,24379,51,400,100,10,300,13,0,113,30940,505168,113
1005,326,24379,51,400,100,10,300,9,0,113,30940,505168,113
1005,326,24379,51,400,100,10,300,5,0,113,30940,505168,113
1005,326,24379,51,400,100,10,300,1,0,113,30940,505168,113
1005,326,24379,51,300,1000,10,300,23,0,113,1231,505168,113
1005,326,24379,51,300,1000,10,300,13,0,113,1231,505168,113
1005,326,24379,51,300,1000,10,300,9,0,113,1231,505168,113
1005,326,24379,51,300,1000,10,300,5,0,113,1231,505168,113
1005,326,24379,51,300,1000,10,300,1,0,113,1231,505168,113
1005,326,24379,51,300,500,10,300,23,0,113,9190,505168,113
1005,326,24379,51,300,500,10,300,13,0,113,9190,505168,113
1005,326,24379,51,300,500,10,300,9,0,113,9190,505168,113
1005,326,24379,51,300,500,10,300,5,0,113,9190,505168,113
1005,326,24379,51,300,500,10,300,1,0,113,9190,505168,113
1005,326,24379,51,300,100,10,300,23,0,113,30940,505168,113
1005,326,24379,51,300,100,10,300,13,0,113,30940,505168,113
1005,326,24379,51,300,100,10,300,9,0,113,30940,505168,113
1005,326,24379,51,300,100,10,300,5,0,113,30940,505168,113
1005,326,24379,51,300,100,10,300,1,0,113,30940,505168,113
1005,326,24379,51,100,1000,10,300,23,0,113,1231,505168,113
1005,326,24379,51,100,1000,10,300,13,0,113,1231,505168,113
1005,326,24379,51,100,1000,10,300,9,0,113,1231,505168,113
1005,326,24379,51,100,1000,10,300,5,0,113,1231,505168,113
1005,326,24379,51,100,500,10,300,23,0,113,9190,505168,113
1005,326,24379,51,100,500,10,300,13,0,113,9190,505168,113
1005,326,24379,51,100,500,10,300,9,0,113,9190,505168,113
1005,326,24379,51,100,500,10,300,5,0,113,9190,505168,113
1005,326,24379,51,100,100,10,300,23,0,113,30940,505168,113
1005,326,24379,51,100,100,10,300,13,0,113,30940,505168,113
1005,326,24379,51,100,100,10,300,9,0,113,30940,505168,113
1005,326,24379,51,100,100,10,300,5,0,113,30940,505168,113
1005,326,24379,41,400,1000,10,300,13,0,113,1231,505168,113
1005,326,24379,41,400,1000,10,300,9,0,113,1231,505168,113
1005,326,24379,41,400,1000,10,300,5,0,113,1231,505168,113
1005,326,24379,41,400,1000,10,300,1,0,113,1231,505168,113
1005,326,24379,41,400,500,10,300,13,0,113,9190,505168,113
1005,326,24379,41,400,500,10,300,9,0,113,9190,505168,113
1005,326,24379,41,400,500,10,300,5,0,113,9190,505168,113
1005,326,24379,41,400,500,10,300,1,0,113,9190,505168,113
1005,326,24379,41,400,100,10,300,13,0,113,30940,505168,113
1005,326,24379,41,400,100,10,300,9,0,113,30940,505168,113
1005,326,24379,41,400,100,10,300,5,0,113,30940,505168,113
1005,326,24379,41,400,100,10,300,1,0,113,30940,505168,113
1005,326,24379,41,300,1000,10,300,23,0,113,1231,505168,113
1005,326,24379,41,300,1000,10,300,13,0,113,1231,505168,113
1005,326,24379,41,300,1000,10,300,9,0,113,1231,505168,113
1005,326,24379,41,300,1000,10,300,5,0,113,1231,505168,113
1005,326,24379,41,300,1000,10,300,1,0,113,1231,505168,113
1005,326,24379,41,300,500,10,300,23,0,113,9190,505168,113
1005,326,24379,41,300,500,10,300,13,0,113,9190,505168,113
1005,326,24379,41,300,500,10,300,9,0,113,9190,505168,113
1005,326,24379,41,300,500,10,300,5,0,113,9190,505168,113
1005,326,24379,41,300,500,10,300,1,0,113,9190,505168,113
1005,326,24379,41,300,100,10,300,23,0,113,30940,505168,113
1005,326,24379,41,300,100,10,300,13,0,113,30940,505168,113
1005,326,24379,41,300,100,10,300,9,0,113,30940,505168,113
1005,326,24379,41,300,100,10,300,5,0,113,30940,505168,113
1005,326,24379,41,300,100,10,300,1,0,113,30940,505168,113
1005,326,24379,41,100,1000,10,300,23,0,113,1231,505168,113
1005,326,24379,41,100,1000,10,300,13,0,113,1231,505168,113
1005,326,24379,41,100,1000,10,300,9,0,113,1231,505168,113
1005,326,24379,41,100,1000,10,300,5,0,113,1231,505168,113
1005,326,24379,41,100,500,10,300,23,0,113,9190,505168,113
1005,326,24379,41,100,500,10,300,13,0,113,9190,505168,113
1005,326,24379,41,100,500,10,300,9,0,113,9190,505168,113
1005,326,24379,41,100,500,10,300,5,0,113,9190,505168,113
1005,326,24379,41,100,100,10,300,23,0,113,30940,505168,113
1005,326,24379,41,100,100,10,300,13,0,113,30940,505168,113
1005,326,24379,41,100,100,10,300,9,0,113,30940,505168,113
1005,326,24379,41,100,100,10,300,5,0,113,30940,505168,113
1005,326,24379,31,400,1000,10,300,13,0,113,1231,505168,113
1005,326,24379,31,400,1000,10,300,9,0,113,1231,505168,113
1005,326,24379,31,400,1000,10,300,5,0,113,1231,505168,113
1005,326,24379,31,400,1000,10,300,1,0,113,1231,505168,113
1005,326,24379,31,400,500,10,300,13,0,113,9190,505168,113
1005,326,24379,31,400,500,10,300,9,0,113,9190,505168,113
1005,326,24379,31,400,500,10,300,5,0,113,9190,505168,113
1005,326,24379,31,400,500,10,300,1,0,113,9190,505168,113
1005,326,24379,31,400,100,10,300,13,0,113,30940,505168,113
1005,326,24379,31,400,100,10,300,9,0,113,30940,505168,113
1005,326,24379,31,400,100,10,300,5,0,113,30940,505168,113
1005,326,24379,31,400,100,10,300,1,0,113,30940,505168,113
1005,326,24379,31,300,1000,10,300,23,0,113,1231,505168,113
1005,326,24379,31,300,1000,10,300,13,0,113,1231,505168,113
1005,326,24379,31,300,1000,10,300,9,0,113,1231,505168,113
1005,326,24379,31,300,1000,10,300,5,0,113,1231,505168,113
1005,326,24379,31,300,1000,10,300,1,0,113,1231,505168,113
1005,326,24379,31,300,500,10,300,23,0,113,9190,505168,113
1005,326,24379,31,300,500,10,300,13,0,113,9190,505168,113
1005,326,24379,31,300,500,10,300,9,0,113,9190,505168,113
1005,326,24379,31,300,500,10,300,5,0,113,9190,505168,113
1005,326,24379,31,300,500,10,300,1,0,113,9190,505168,113
1005,326,24379,31,300,100,10,300,23,0,113,30940,505168,113
1005,326,24379,31,300,100,10,300,13,0,113,30940,505168,113
1005,326,24379,31,300,100,10,300,9,0,113,30940,505168,113
1005,326,24379,31,300,100,10,300,5,0,113,30940,505168,113
1005,326,24379,31,300,100,10,300,1,0,113,30940,505168,113
1005,326,24379,31,100,1000,10,300,23,0,113,1231,505168,113
1005,326,24379,31,100,1000,10,300,13,0,113,1231,505168,113
1005,326,24379,31,100,1000,10,300,9,0,113,1231,505168,113
1005,326,24379,31,100,1000,10,300,5,0,113,1231,505168,113
1005,326,24379,31,100,500,10,300,23,0,113,9190,505168,113
1005,326,24379,31,100,500,10,300,13,0,113,9190,505168,113
1005,326,24379,31,100,500,10,300,9,0,113,9190,505168,113
1005,326,24379,31,100,500,10,300,5,0,113,9190,505168,113
1005,326,24379,31,100,100,10,300,23,0,113,30940,505168,113
1005,326,24379,31,100,100,10,300,13,0,113,30940,505168,113
1005,326,24379,31,100,100,10,300,9,0,113,30940,505168,113
1005,326,24379,31,100,100,10,300,5,0,113,30940,505168,113
655,160,124112,61,500,1000,40,300,23,0,871,0,2020672,871
655,160,124112,61,500,1000,40,300,13,0,871,0,2020672,871
655,160,124112,61,500,1000,40,300,9,0,871,0,2020672,871
655,160,124112,61,500,1000,40,300,5,0,871,0,2020672,871
655,160,124112,61,500,1000,40,300,1,0,871,0,2020672,871
655,160,124112,61,500,500,40,300,23,0,871,15938,2020672,871
655,160,124112,61,500,500,40,300,13,0,871,15938,2020672,871
655,160,124112,61,500,500,40,300,9,0,871,15938,2020672,871
655,160,124112,61,500,500,40,300,5,0,871,15938,2020672,871
655,160,124112,61,500,500,40,300,1,0,871,15938,2020672,871
655,160,124112,61,500,100,40,300,23,0,871,617144,2020672,871
655,160,124112,61,500,100,40,300,13,0,871,617144,2020672,871
655,160,124112,61,500,100,40,300,9,0,871,617144,2020672,871
655,160,124112,61,500,100,40,300,5,0,871,617144,2020672,871
655,160,124112,61,500,100,40,300,1,0,871,617144,2020672,871
655,160,124112,61,400,1000,40,300,23,0,871,0,2020672,871
655,160,124112,61,400,500,40,300,23,0,871,15938,2020672,871
655,160,124112,61,400,100,40,300,23,0,871,617144,2020672,871
655,160,124112,51,500,1000,40,300,23,0,871,0,2020672,871
655,160,124112,51,500,1000,40,300,13,0,871,0,2020672,871
655,160,124112,51,500,1000,40,300,9,0,871,0,2020672,871
655,160,124112,51,500,1000,40,300,5,0,871,0,2020672,871
655,160,124112,51,500,1000,40,300,1,0,871,0,2020672,871
655,160,124112,51,500,500,40,300,23,0,871,15938,2020672,871
655,160,124112,51,500,500,40,300,13,0,871,15938,2020672,871
655,160,124112,51,500,500,40,300,9,0,871,15938,2020672,871
655,160,124112,51,500,500,40,300,5,0,871,15938,2020672,871
655,160,124112,51,500,500,40,300,1,0,871,15938,2020672,871
655,160,124112,51,500,100,40,300,23,0,871,617144,2020672,871
655,160,124112,51,500,100,40,300,13,0,871,617144,2020672,871
655,160,124112,51,500,100,40,300,9,0,871,617144,2020672,871
655,160,124112,51,500,100,40,300,5,0,871,617144,2020672,871
655,160,124112,51,500,100,40,300,1,0,871,617144,2020672,871
655,160,124112,51,400,1000,40,300,23,0,871,0,2020672,871
655,160,124112,51,400,500,40,300,23,0,871,15938,2020672,871
655,160,124112,51,400,100,40,300,23,0,871,617144,2020672,871
655,160,124112,41,500,1000,40,300,23,0,871,0,2020672,871
655,160,124112,41,500,1000,40,300,13,0,871,0,2020672,871
655,160,124112,41,500,1000,40,300,9,0,871,0,2020672,871
655,160,124112,41,500,1000,40,300,5,0,871,0,2020672,871
655,160,124112,41,500,1000,40,300,1,0,871,0,2020672,871
655,160,124112,41,500,500,40,300,23,0,871,15938,2020672,871
655,160,124112,41,500,500,40,300,13,0,871,15938,2020672,871
655,160,124112,41,500,500,40,300,9,0,871,15938,2020672,871
655,160,124112,41,500,500,40,300,5,0,871,15938,2020672,871
655,160,124112,41,500,500,40,300,1,0,871,15938,2020672,871
655,160,124112,41,500,100,40,300,23,0,871,617144,2020672,871
655,160,124112,41,500,100,40,300,13,0,871,617144,2020672,871
655,160,124112,41,500,100,40,300,9,0,871,617144,2020672,871
655,160,124112,41,500,100,40,300,5,0,871,617144,2020672,871
655,160,124112,41,500,100,40,300,1,0,871,617144,2020672,871
655,160,124112,41,400,1000,40,300,23,0,871,0,2020672,871
655,160,124112,41,400,500,40,300,23,0,871,15938,2020672,871
655,160,124112,41,400,100,40,300,23,0,871,617144,2020672,871
655,160,124112,31,500,1000,40,300,23,0,871,0,2020672,871
655,160,124112,31,500,1000,40,300,13,0,871,0,2020672,871
655,160,124112,31,500,1000,40,300,9,0,871,0,2020672,871
655,160,124112,31,500,1000,40,300,5,0,871,0,2020672,871
655,160,124112,31,500,1000,40,300,1,0,871,0,2020672,871
655,160,124112,31,500,500,40,300,23,0,871,15938,2020672,871
655,160,124112,31,500,500,40,300,13,0,871,15938,2020672,871
655,160,124112,31,500,500,40,300,9,0,871,15938,2020672,871
655,160,124112,31,500,500,40,300,5,0,871,15938,2020672,871
655,160,124112,31,500,500,40,300,1,0,871,15938,2020672,871
655,160,124112,31,500,100,40,300,23,0,871,617144,2020672,871
655,160,124112,31,500,100,40,300,13,0,871,617144,2020672,871
655,160,124112,31,500,100,40,300,9,0,871,617144,2020672,871
655,160,124112,31,500,100,40,300,5,0,871,617144,2020672,871
655,160,124112,31,500,100,40,300,1,0,871,617144,2020672,871
655,160,124112,31,400,1000,40,300,23,0,871,0,2020672,871
655,160,124112,31,400,500,40,300,23,0,871,15938,2020672,871
655,160,124112,31,400,100,40,300,23,0,871,617144,2020672,871
149,149,155,61,400,1000,20,300,13,0,2,0,505168,2
149,149,155,61,400,1000,20,300,9,0,2,0,505168,2
149,149,155,61,400,1000,20,300,5,0,2,0,505168,2
149,149,155,61,400,1000,20,300,1,0,2,0,505168,2
149,149,155,61,400,500,20,300,13,0,2,0,505168,2
149,149,155,61,400,500,20,300,9,0,2,0,505168,2
149,149,155,61,400,500,20,300,5,0,2,0,505168,2
149,149,155,61,400,500,20,300,1,0,2,0,505168,2
149,149,155,61,400,100,20,300,13,0,2,369,505168,2
149,149,155,61,400,100,20,300,9,0,2,369,505168,2
149,149,155,61,400,100,20,300,5,0,2,369,505168,2
149,149,155,61,400,100,20,300,1,0,2,369,505168,2
149,149,155,61,300,1000,20,300,23,0,2,0,505168,2
149,149,155,61,300,1000,20,300,13,0,2,0,505168,2
149,149,155,61,300,1000,20,300,9,0,2,0,505168,2
149,149,155,61,300,1000,20,300,5,0,2,0,505168,2
149,149,155,61,300,1000,20,300,1,0,2,0,505168,2
149,149,155,61,300,500,20,300,23,0,2,0,505168,2
149,149,155,61,300,500,20,300,13,0,2,0,505168,2
149,149,155,61,300,500,20,300,9,0,2,0,505168,2
149,149,155,61,300,500,20,300,5,0,2,0,505168,2
149,149,155,61,300,500,20,300,1,0,2,0,505168,2
149,149,155,61,300,100,20,300,23,0,2,369,505168,2
149,149,155,61,300,100,20,300,13,0,2,369,505168,2
149,149,155,61,300,100,20,300,9,0,2,369,505168,2
149,149,155,61,300,100,20,300,5,0,2,369,505168,2
149,149,155,61,300,100,20,300,1,0,2,369,505168,2
149,149,155,61,100,1000,20,300,23,0,2,0,505168,2
149,149,155,61,100,1000,20,300,13,0,2,0,505168,2
149,149,155,61,100,1000,20,300,9,0,2,0,505168,2
149,149,155,61,100,1000,20,300,5,0,2,0,505168,2
149,149,155,61,100,500,20,300,23,0,2,0,505168,2
149,149,155,61,100,500,20,300,13,0,2,0,505168,2
149,149,155,61,100,500,20,300,9,0,2,0,505168,2
149,149,155,61,100,500,20,300,5,0,2,0,505168,2
149,149,155,61,100,100,20,300,23,0,2,369,505168,2
149,149,155,61,100,100,20,300,13,0,2,369,505168,2
149,149,155,61,100,100,20,300,9,0,2,369,505168,2
149,149,155,61,100,100,20,300,5,0,2,369,505168,2
149,149,155,51,400,1000,20,300,13,0,2,0,505168,2
149,149,155,51,400,1000,20,300,9,0,2,0,505168,2
149,149,155,51,400,1000,20,300,5,0,2,0,505168,2
149,149,155,51,400,1000,20,300,1,0,2,0,505168,2
149,149,155,51,400,500,20,300,13,0,2,0,505168,2
149,149,155,51,400,500,20,300,9,0,2,0,505168,2
149,149,155,51,400,500,20,300,5,0,2,0,505168,2
149,149,155,51,400,500,20,300,1,0,2,0,505168,2
149,149,155,51,400,100,20,300,13,0,2,369,505168,2
149,149,155,51,400,100,20,300,9,0,2,369,505168,2
149,149,155,51,400,100,20,300,5,0,2,369,505168,2
149,149,155,51,400,100,20,300,1,0,2,369,505168,2
149,149,155,51,300,1000,20,300,23,0,2,0,505168,2
149,149,155,51,300,1000,20,300,13,0,2,0,505168,2
149,149,155,51,300,1000,20,300,9,0,2,0,505168,2
149,149,155,51,300,1000,20,300,5,0,2,0,505168,2
149,149,155,51,300,1000,20,300,1,0,2,0,505168,2
149,149,155,51,300,500,20,300,23,0,2,0,505168,2
149,149,155,51,300,500,20,300,13,0,2,0,505168,2
149,149,155,51,300,500,20,300,9,0,2,0,505168,2
149,149,155,51,300,500,20,300,5,0,2,0,505168,2
149,149,155,51,300,500,20,300,1,0,2,0,505168,2
149,149,155,51,300,100,20,300,23,0,2,369,505168,2
149,149,155,51,300,100,20,300,13,0,2,369,505168,2
149,149,155,51,300,100,20,300,9,0,2,369,505168,2
149,149,155,51,300,100,20,300,5,0,2,369,505168,2
149,149,155,51,300,100,20,300,1,0,2,369,505168,2
149,149,155,51,100,1000,20,300,23,0,2,0,505168,2
149,149,155,51,100,1000,20,300,13,0,2,0,505168,2
149,149,155,51,100,1000,20,300,9,0,2,0,505168,2
149,149,155,51,100,1000,20,300,5,0,2,0,505168,2
149,149,155,51,100,500,20,300,23,0,2,0,505168,2
149,149,155,51,100,500,20,300,13,0,2,0,505168,2
149,149,155,51,100,500,20,300,9,0,2,0,505168,2
149,149,155,51,100,500,20,300,5,0,2,0,505168,2
149,149,155,51,100,100,20,300,23,0,2,369,505168,2
149,149,155,51,100,100,20,300,13,0,2,369,505168,2
149,149,155,51,100,100,20,300,9,0,2,369,505168,2
149,149,155,51,100,100,20,300,5,0,2,369,505168,2
149,149,155,41,400,1000,20,300,13,0,2,0,505168,2
149,149,155,41,400,1000,20,300,9,0,2,0,505168,2
149,149,155,41,400,1000,20,300,5,0,2,0,505168,2
149,149,155,41,400,1000,20,300,1,0,2,0,505168,2
149,149,155,41,400,500,20,300,13,0,2,0,505168,2
149,149,155,41,400,500,20,300,9,0,2,0,505168,2
149,149,155,41,400,500,20,300,5,0,2,0,505168,2
149,149,155,41,400,500,20,300,1,0,2,0,505168,2
149,149,155,41,400,100,20,300,13,0,2,369,505168,2
149,149,155,41,400,100,20,300,9,0,2,369,505168,2
149,149,155,41,400,100,20,300,5,0,2,369,505168,2
149,149,155,41,400,100,20,300,1,0,2,369,505168,2
149,149,155,41,300,1000,20,300,23,0,2,0,505168,2
149,149,155,41,300,1000,20,300,13,0,2,0,505168,2
149,149,155,41,300,1000,20,300,9,0,2,0,505168,2
149,149,155,41,300,1000,20,300,5,0,2,0,505168,2
149,149,155,41,300,1000,20,300,1,0,2,0,505168,2
149,149,155,41,300,500,20,300,23,0,2,0,505168,2
149,149,155,41,300,500,20,300,13,0,2,0,505168,2
149,149,155,41,300,500,20,300,9,0,2,0,505168,2
149,149,155,41,300,500,20,300,5,0,2,0,505168,2
149,149,155,41,300,500,20,300,1,0,2,0,505168,2
149,149,155,41,300,100,20,300,23,0,2,369,505168,2
149,149,155,41,300,100,20,300,13,0,2,369,505168,2
149,149,155,41,300,100,20,300,9,0,2,369,505168,2
149,149,155,41,300,100,20,300,5,0,2,369,505168,2
149,149,155,41,300,100,20,300,1,0,2,369,505168,2
149,149,155,41,100,1000,20,300,23,0,2,0,505168,2
149,149,155,41,100,1000,20,300,13,0,2,0,505168,2
149,149,155,41,100,1000,20,300,9,0,2,0,505168,2
149,149,155,41,100,1000,20,300,5,0,2,0,505168,2
149,149,155,41,100,500,20,300,23,0,2,0,505168,2
149,149,155,41,100,500,20,300,13,0,2,0,505168,2
149,149,155,41,100,500,20,300,9,0,2,0,505168,2
149,149,155,41,100,500,20,300,5,0,2,0,505168,2
149,149,155,41,100,100,20,300,23,0,2,369,505168,2
149,149,155,41,100,100,20,300,13,0,2,369,505168,2
149,149,155,41,100,100,20,300,9,0,2,369,505168,2
149,149,155,41,100,100,20,300,5,0,2,369,505168,2
149,149,155,31,400,1000,20,300,13,0,2,0,505168,2
149,149,155,31,400,1000,20,300,9,0,2,0,505168,2
149,149,155,31,400,1000,20,300,5,0,2,0,505168,2
149,149,155,31,400,1000,20,300,1,0,2,0,505168,2
149,149,155,31,400,500,20,300,13,0,2,0,505168,2
149,149,155,31,400,500,20,300,9,0,2,0,505168,2
149,149,155,31,400,500,20,300,5,0,2,0,505168,2
149,149,155,31,400,500,20,300,1,0,2,0,505168,2
149,149,155,31,400,100,20,300,13,0,2,369,505168,2
149,149,155,31,400,100,20,300,9,0,2,369,505168,2
149,149,155,31,400,100,20,300,5,0,2,369,505168,2
149,149,155,31,400,100,20,300,1,0,2,369,505168,2
149,149,155,31,300,1000,20,300,23,0,2,0,505168,2
149,149,155,31,300,1000,20,300,13,0,2,0,505168,2
149,149,155,31,300,1000,20,300,9,0,2,0,505168,2
149,149,155,31,300,1000,20,300,5,0,2,0,505168,2
149,149,155,31,300,1000,20,300,1,0,2,0,505168,2
149,149,155,31,300,500,20,300,23,0,2,0,505168,2
149,149,155,31,300,500,20,300,13,0,2,0,505168,2
149,149,155,31,300,500,20,300,9,0,2,0,505168,2
149,149,155,31,300,500,20,300,5,0,2,0,505168,2
149,149,155,31,300,500,20,300,1,0,2,0,505168,2
149,149,155,31,300,100,20,300,23,0,2,369,505168,2
149,149,155,31,300,100,20,300,13,0,2,369,505168,2
149,149,155,31,300,100,20,300,9,0,2,369,505168,2
149,149,155,31,300,100,20,300,5,0,2,369,505168,2
149,149,155,31,300,100,20,300,1,0,2,369,505168,2
149,149,155,31,100,1000,20,300,23,0,2,0,505168,2
149,149,155,31,100,1000,20,300,13,0,2,0,505168,2
149,149,155,31,100,1000,20,300,9,0,2,0,505168,2
149,149,155,31,100,1000,20,300,5,0,2,0,505168,2
149,149,155,31,100,500,20,300,23,0,2,0,505168,2
149,149,155,31,100,500,20,300,13,0,2,0,505168,2
149,149,155,31,100,500,20,300,9,0,2,0,505168,2
149,149,155,31,100,500,20,300,5,0,2,0,505168,2
149,149,155,31,100,100,20,300,23,0,2,369,505168,2
149,149,155,31,100,100,20,300,13,0,2,369,505168,2
149,149,155,31,100,100,20,300,9,0,2,369,505168,2
149,149,155,31,100,100,20,300,5,0,2,369,505168,2
0,0,0,61,400,1000,40,300,13,0,0,0,505168,0
0,0,0,61,400,1000,40,300,9,0,0,0,505168,0
0,0,0,61,400,1000,40,300,5,0,0,0,505168,0
0,0,0,61,400,1000,40,300,1,0,0,0,505168,0
0,0,0,61,400,1000,30,300,13,0,0,0,505168,0
0,0,0,61,400,1000,30,300,9,0,0,0,505168,0
0,0,0,61,400,1000,30,300,5,0,0,0,505168,0
0,0,0,61,400,1000,30,300,1,0,0,0,505168,0
0,0,0,61,400,500,40,300,13,0,0,0,505168,0
0,0,0,61,400,500,40,300,9,0,0,0,505168,0
0,0,0,61,400,500,40,300,5,0,0,0,505168,0
0,0,0,61,400,500,40,300,1,0,0,0,505168,0
0,0,0,61,400,500,30,300,13,0,0,0,505168,0
0,0,0,61,400,500,30,300,9,0,0,0,505168,0
0,0,0,61,400,500,30,300,5,0,0,0,505168,0
0,0,0,61,400,500,30,300,1,0,0,0,505168,0
0,0,0,61,400,100,40,300,13,0,0,0,505168,0
0,0,0,61,400,100,40,300,9,0,0,0,505168,0
0,0,0,61,400,100,40,300,5,0,0,0,505168,0
0,0,0,61,400,100,40,300,1,0,0,0,505168,0
0,0,0,61,400,100,30,300,13,0,0,0,505168,0
0,0,0,61,400,100,30,300,9,0,0,0,505168,0
0,0,0,61,400,100,30,300,5,0,0,0,505168,0
0,0,0,61,400,100,30,300,1,0,0,0,505168,0
0,0,0,61,300,1000,40,300,23,0,0,0,505168,0
0,0,0,61,300,1000,40,300,13,0,0,0,505168,0
0,0,0,61,300,1000,40,300,9,0,0,0,505168,0
0,0,0,61,300,1000,40,300,5,0,0,0,505168,0
0,0,0,61,300,1000,40,300,1,0,0,0,505168,0
0,0,0,61,300,1000,30,300,23,0,0,0,505168,0
0,0,0,61,300,1000,30,300,13,0,0,0,505168,0
0,0,0,61,300,1000,30,300,9,0,0,0,505168,0
0,0,0,61,300,1000,30,300,5,0,0,0,505168,0
0,0,0,61,300,1000,30,300,1,0,0,0,505168,0
0,0,0,61,300,500,40,300,23,0,0,0,505168,0
0,0,0,61,300,500,40,300,13,0,0,0,505168,0
0,0,0,61,300,500,40,300,9,0,0,0,505168,0
0,0,0,61,300,500,40,300,5,0,0,0,505168,0
0,0,0,61,300,500,40,300,1,0,0,0,505168,0
0,0,0,61,300,500,30,300,23,0,0,0,505168,0
0,0,0,61,300,500,30,300,13,0,0,0,505168,0
0,0,0,61,300,500,30,300,9,0,0,0,505168,0
0,0,0,61,300,500,30,300,5,0,0,0,505168,0
0,0,0,61,300,500,30,300,1,0,0,0,505168,0
0,0,0,61,300,100,40,300,23,0,0,0,505168,0
0,0,0,61,300,100,40,300,13,0,0,0,505168,0
0,0,0,61,300,100,40,300,9,0,0,0,505168,0
0,0,0,61,300,100,40,300,5,0,0,0,505168,0
0,0,0,61,300,100,40,300,1,0,0,0,505168,0
0,0,0,61,300,100,30,300,23,0,0,0,505168,0
0,0,0,61,300,100,30,300,13,0,0,0,505168,0
0,0,0,61,300,100,30,300,9,0,0,0,505168,0
0,0,0,61,300,100,30,300,5,0,0,0,505168,0
0,0,0,61,300,100,30,300,1,0,0,0,505168,0
0,0,0,61,100,1000,40,300,23,0,0,0,505168,0
0,0,0,61,100,1000,40,300,13,0,0,0,505168,0
0,0,0,61,100,1000,40,300,9,0,0,0,505168,0
0,0,0,61,100,1000,40,300,5,0,0,0,505168,0
0,0,0,61,100,1000,30,300,23,0,0,0,505168,0
0,0,0,61,100,1000,30,300,13,0,0,0,505168,0
0,0,0,61,100,1000,30,300,9,0,0,0,505168,0
0,0,0,61,100,1000,30,300,5,0,0,0,505168,0
0,0,0,61,100,500,40,300,23,0,0,0,505168,0
0,0,0,61,100,500,40,300,13,0,0,0,505168,0
0,0,0,61,100,500,40,300,9,0,0,0,505168,0
0,0,0,61,100,500,40,300,5,0,0,0,505168,0
0,0,0,61,100,500,30,300,23,0,0,0,505168,0
0,0,0,61,100,500,30,300,13,0,0,0,505168,0
0,0,0,61,100,500,30,300,9,0,0,0,505168,0
0,0,0,61,100,500,30,300,5,0,0,0,505168,0
0,0,0,61,100,100,40,300,23,0,0,0,505168,0
0,0,0,61,100,100,40,300,13,0,0,0,505168,0
0,0,0,61,100,100,40,300,9,0,0,0,505168,0
0,0,0,61,100,100,40,300,5,0,0,0,505168,0
0,0,0,61,100,100,30,300,23,0,0,0,505168,0
0,0,0,61,100,100,30,300,13,0,0,0,505168,0
0,0,0,61,100,100,30,300,9,0,0,0,505168,0
0,0,0,61,100,100,30,300,5,0,0,0,505168,0
0,0,0,51,400,1000,40,300,13,0,0,0,505168,0
0,0,0,51,400,1000,40,300,9,0,0,0,505168,0
0,0,0,51,400,1000,40,300,5,0,0,0,505168,0
0,0,0,51,400,1000,40,300,1,0,0,0,505168,0
0,0,0,51,400,1000,30,300,13,0,0,0,505168,0
0,0,0,51,400,1000,30,300,9,0,0,0,505168,0
0,0,0,51,400,1000,30,300,5,0,0,0,505168,0
0,0,0,51,400,1000,30,300,1,0,0,0,505168,0
0,0,0,51,400,500,40,300,13,0,0,0,505168,0
0,0,0,51,400,500,40,300,9,0,0,0,505168,0
0,0,0,51,400,500,40,300,5,0,0,0,505168,0
0,0,0,51,400,500,40,300,1,0,0,0,505168,0
0,0,0,51,400,500,30,300,13,0,0,0,505168,0
0,0,0,51,400,500,30,300,9,0,0,0,505168,0
0,0,0,51,400,500,30,300,5,0,0,0,505168,0
0,0,0,51,400,500,30,300,1,0,0,0,505168,0
0,0,0,51,400,100,40,300,13,0,0,0,505168,0
0,0,0,51,400,100,40,300,9,0,0,0,505168,0
0,0,0,51,400,100,40,300,5,0,0,0,505168,0
0,0,0,51,400,100,40,300,1,0,0,0,505168,0
0,0,0,51,400,100,30,300,13,0,0,0,505168,0
0,0,0,51,400,100,30,300,9,0,0,0,505168,0
0,0,0,51,400,100,30,300,5,0,0,0,505168,0
0,0,0,51,400,100,30,300,1,0,0,0,505168,0
0,0,0,51,300,1000,40,300,23,0,0,0,505168,0
0,0,0,51,300,1000,40,300,13,0,0,0,505168,0
0,0,0,51,300,1000,40,300,9,0,0,0,505168,0
0,0,0,51,300,1000,40,300,5,0,0,0,505168,0
0,0,0,51,300,1000,40,300,1,0,0,0,505168,0
0,0,0,51,300,1000,30,300,23,0,0,0,505168,0
0,0,0,51,300,1000,30,300,13,0,0,0,505168,0
0,0,0,51,300,1000,30,300,9,0,0,0,505168,0
0,0,0,51,300,1000,30,300,5,0,0,0,505168,0
0,0,0,51,300,1000,30,300,1,0,0,0,505168,0
0,0,0,51,300,500,40,300,23,0,0,0,505168,0
0,0,0,51,300,500,40,300,13,0,0,0,505168,0
0,0,0,51,300,500,40,300,9,0,0,0,505168,0
0,0,0,51,300,500,40,300,5,0,0,0,505168,0
0,0,0,51,300,500,40,300,1,0,0,0,505168,0
0,0,0,51,300,500,30,300,23,0,0,0,505168,0
0,0,0,51,300,500,30,300,13,0,0,0,505168,0
0,0,0,51,300,500,30,300,9,0,0,0,505168,0
0,0,0,51,300,500,30,300,5,0,0,0,505168,0
0,0,0,51,300,500,30,300,1,0,0,0,505168,0
0,0,0,51,300,100,40,300,23,0,0,0,505168,0
0,0,0,51,300,100,40,300,13,0,0,0,505168,0
0,0,0,51,300,100,40,300,9,0,0,0,505168,0
0,0,0,51,300,100,40,300,5,0,0,0,505168,0
0,0,0,51,300,100,40,300,1,0,0,0,505168,0
0,0,0,51,300,100,30,300,23,0,0,0,505168,0
0,0,0,51,300,100,30,300,13,0,0,0,505168,0
0,0,0,51,300,100,30,300,9,0,0,0,505168,0
0,0,0,51,300,100,30,300,5,0,0,0,505168,0
0,0,0,51,300,100,30,300,1,0,0,0,505168,0
0,0,0,51,100,1000,40,300,23,0,0,0,505168,0
0,0,0,51,100,1000,40,300,13,0,0,0,505168,0
0,0,0,51,100,1000,40,300,9,0,0,0,505168,0
0,0,0,51,100,1000,40,300,5,0,0,0,505168,0
0,0,0,51,100,1000,30,300,23,0,0,0,505168,0
0,0,0,51,100,1000,30,300,13,0,0,0,505168,0
0,0,0,51,100,1000,30,300,9,0,0,0,505168,0
0,0,0,51,100,1000,30,300,5,0,0,0,505168,0
0,0,0,51,100,500,40,300,23,0,0,0,505168,0
0,0,0,51,100,500,40,300,13,0,0,0,505168,0
0,0,0,51,100,500,40,300,9,0,0,0,505168,0
0,0,0,51,100,500,40,300,5,0,0,0,505168,0
0,0,0,51,100,500,30,300,23,0,0,0,505168,0
0,0,0,51,100,500,30,300,13,0,0,0,505168,0
0,0,0,51,100,500,30,300,9,0,0,0,505168,0
0,0,0,51,100,500,30,300,5,0,0,0,505168,0
0,0,0,51,100,100,40,300,23,0,0,0,505168,0
0,0,0,51,100,100,40,300,13,0,0,0,505168,0
0,0,0,51,100,100,40,300,9,0,0,0,505168,0
0,0,0,51,100,100,40,300,5,0,0,0,505168,0
0,0,0,51,100,100,30,300,23,0,0,0,505168,0
0,0,0,51,100,100,30,300,13,0,0,0,505168,0
0,0,0,51,100,100,30,300,9,0,0,0,505168,0
0,0,0,51,100,100,30,300,5,0,0,0,505168,0
0,0,0,41,400,1000,40,300,13,0,0,0,505168,0
0,0,0,41,400,1000,40,300,9,0,0,0,505168,0
0,0,0,41,400,1000,40,300,5,0,0,0,505168,0
0,0,0,41,400,1000,40,300,1,0,0,0,505168,0
0,0,0,41,400,1000,30,300,13,0,0,0,505168,0
0,0,0,41,400,1000,30,300,9,0,0,0,505168,0
0,0,0,41,400,1000,30,300,5,0,0,0,505168,0
0,0,0,41,400,1000,30,300,1,0,0,0,505168,0
0,0,0,41,400,500,40,300,13,0,0,0,505168,0
0,0,0,41,400,500,40,300,9,0,0,0,505168,0
0,0,0,41,400,500,40,300,5,0,0,0,505168,0
0,0,0,41,400,500,40,300,1,0,0,0,505168,0
0,0,0,41,400,500,30,300,13,0,0,0,505168,0
0,0,0,41,400,500,30,300,9,0,0,0,505168,0
0,0,0,41,400,500,30,300,5,0,0,0,505168,0
0,0,0,41,400,500,30,300,1,0,0,0,505168,0
0,0,0,41,400,100,40,300,13,0,0,0,505168,0
0,0,0,41,400,100,40,300,9,0,0,0,505168,0
0,0,0,41,400,100,40,300,5,0,0,0,505168,0
0,0,0,41,400,100,40,300,1,0,0,0,505168,0
0,0,0,41,400,100,30,300,13,0,0,0,505168,0
0,0,0,41,400,100,30,300,9,0,0,0,505168,0
0,0,0,41,400,100,30,300,5,0,0,0,505168,0
0,0,0,41,400,100,30,300,1,0,0,0,505168,0
0,0,0,41,300,1000,40,300,23,0,0,0,505168,0
0,0,0,41,300,1000,40,300,13,0,0,0,505168,0
0,0,0,41,300,1000,40,300,9,0,0,0,505168,0
0,0,0,41,300,1000,40,300,5,0,0,0,505168,0
0,0,0,41,300,1000,40,300,1,0,0,0,505168,0
0,0,0,41,300,1000,30,300,23,0,0,0,505168,0
0,0,0,41,300,1000,30,300,13,0,0,0,505168,0
0,0,0,41,300,1000,30,300,9,0,0,0,505168,0
0,0,0,41,300,1000,30,300,5,0,0,0,505168,0
0,0,0,41,300,1000,30,300,1,0,0,0,505168,0
0,0,0,41,300,500,40,300,23,0,0,0,505168,0
0,0,0,41,300,500,40,300,13,0,0,0,505168,0
0,0,0,41,300,500,40,300,9,0,0,0,505168,0
0,0,0,41,300,500,40,300,5,0,0,0,505168,0
0,0,0,41,300,500,40,300,1,0,0,0,505168,0
0,0,0,41,300,500,30,300,23,0,0,0,505168,0
0,0,0,41,300,500,30,300,13,0,0,0,505168,0
0,0,0,41,300,500,30,300,9,0,0,0,505168,0
0,0,0,41,300,500,30,300,5,0,0,0,505168,0
0,0,0,41,300,500,30,300,1,0,0,0,505168,0
0,0,0,41,300,100,40,300,23,0,0,0,505168,0
0,0,0,41,300,100,40,300,13,0,0,0,505168,0
0,0,0,41,300,100,40,300,9,0,0,0,505168,0
0,0,0,41,300,100,40,300,5,0,0,0,505168,0
0,0,0,41,300,100,40,300,1,0,0,0,505168,0
0,0,0,41,300,100,30,300,23,0,0,0,505168,0
0,0,0,41,300,100,30,300,13,0,0,0,505168,0
0,0,0,41,300,100,30,300,9,0,0,0,505168,0
0,0,0,41,300,100,30,300,5,0,0,0,505168,0
0,0,0,41,300,100,30,300,1,0,0,0,505168,0
0,0,0,41,100,1000,40,300,23,0,0,0,505168,0
0,0,0,41,100,1000,40,300,13,0,0,0,505168,0
0,0,0,41,100,1000,40,300,9,0,0,0,505168,0
0,0,0,41,100,1000,40,300,5,0,0,0,505168,0
0,0,0,41,100,1000,30,300,23,0,0,0,505168,0
0,0,0,41,100,1000,30,300,13,0,0,0,505168,0
0,0,0,41,100,1000,30,300,9,0,0,0,505168,0
0,0,0,41,100,1000,30,300,5,0,0,0,505168,0
0,0,0,41,100,500,40,300,23,0,0,0,505168,0
0,0,0,41,100,500,40,300,13,0,0,0,505168,0
0,0,0,41,100,500,40,300,9,0,0,0,505168,0
0,0,0,41,100,500,40,300,5,0,0,0,505168,0
0,0,0,41,100,500,30,300,23,0,0,0,505168,0
0,0,0,41,100,500,30,300,13,0,0,0,505168,0
0,0,0,41,100,500,30,300,9,0,0,0,505168,0
0,0,0,41,100,500,30,300,5,0,0,0,505168,0
0,0,0,41,100,100,40,300,23,0,0,0,505168,0
0,0,0,41,100,100,40,300,13,0,0,0,505168,0
0,0,0,41,100,100,40,300,9,0,0,0,505168,0
0,0,0,41,100,100,40,300,5,0,0,0,505168,0
0,0,0,41,100,100,30,300,23,0,0,0,505168,0
0,0,0,41,100,100,30,300,13,0,0,0,505168,0
0,0,0,41,100,100,30,300,9,0,0,0,505168,0
0,0,0,41,100,100,30,300,5,0,0,0,505168,0
0,0,0,31,400,1000,40,300,13,0,0,0,505168,0
0,0,0,31,400,1000,40,300,9,0,0,0,505168,0
0,0,0,31,400,1000,40,300,5,0,0,0,505168,0
0,0,0,31,400,1000,40,300,1,0,0,0,505168,0
0,0,0,31,400,1000,30,300,13,0,0,0,505168,0
0,0,0,31,400,1000,30,300,9,0,0,0,505168,0
0,0,0,31,400,1000,30,300,5,0,0,0,505168,0
0,0,0,31,400,1000,30,300,1,0,0,0,505168,0
0,0,0,31,400,500,40,300,13,0,0,0,505168,0
0,0,0,31,400,500,40,300,9,0,0,0,505168,0
0,0,0,31,400,500,40,300,5,0,0,0,505168,0
0,0,0,31,400,500,40,300,1,0,0,0,505168,0
0,0,0,31,400,500,30,300,13,0,0,0,505168,0
0,0,0,31,400,500,30,300,9,0,0,0,505168,0
0,0,0,31,400,500,30,300,5,0,0,0,505168,0
0,0,0,31,400,500,30,300,1,0,0,0,505168,0
0,0,0,31,400,100,40,300,13,0,0,0,505168,0
0,0,0,31,400,100,40,300,9,0,0,0,505168,0
0,0,0,31,400,100,40,300,5,0,0,0,505168,0
0,0,0,31,400,100,40,300,1,0,0,0,505168,0
0,0,0,31,400,100,30,300,13,0,0,0,505168,0
0,0,0,31,400,100,30,300,9,0,0,0,505168,0
0,0,0,31,400,100,30,300,5,0,0,0,505168,0
0,0,0,31,400,100,30,300,1,0,0,0,505168,0
0,0,0,31,300,1000,40,300,23,0,0,0,505168,0
0,0,0,31,300,1000,40,300,13,0,0,0,505168,0
0,0,0,31,300,1000,40,300,9,0,0,0,505168,0
0,0,0,31,300,1000,40,300,5,0,0,0,505168,0
0,0,0,31,300,1000,40,300,1,0,0,0,505168,0
0,0,0,31,300,1000,30,300,23,0,0,0,505168,0
0,0,0,31,300,1000,30,300,13,0,0,0,505168,0
0,0,0,31,300,1000,30,300,9,0,0,0,505168,0
0,0,0,31,300,1000,30,300,5,0,0,0,505168,0
0,0,0,31,300,1000,30,300,1,0,0,0,505168,0
0,0,0,31,300,500,40,300,23,0,0,0,505168,0
0,0,0,31,300,500,40,300,13,0,0,0,505168,0
0,0,0,31,300,500,40,300,9,0,0,0,505168,0
0,0,0,31,300,500,40,300,5,0,0,0,505168,0
0,0,0,31,300,500,40,300,1,0,0,0,505168,0
0,0,0,31,300,500,30,300,23,0,0,0,505168,0
0,0,0,31,300,500,30,300,13,0,0,0,505168,0
0,0,0,31,300,500,30,300,9,0,0,0,505168,0
0,0,0,31,300,500,30,300,5,0,0,0,505168,0
0,0,0,31,300,500,30,300,1,0,0,0,505168,0
0,0,0,31,300,100,40,300,23,0,0,0,505168,0
0,0,0,31,300,100,40,300,13,0,0,0,505168,0
0,0,0,31,300,100,40,300,9,0,0,0,505168,0
0,0,0,31,300,100,40,300,5,0,0,0,505168,0
0,0,0,31,300,100,40,300,1,0,0,0,505168,0
0,0,0,31,300,100,30,300,23,0,0,0,505168,0
0,0,0,31,300,100,30,300,13,0,0,0,505168,0
0,0,0,31,300,100,30,300,9,0,0,0,505168,0
0,0,0,31,300,100,30,300,5,0,0,0,505168,0
0,0,0,31,300,100,30,300,1,0,0,0,505168,0
0,0,0,31,100,1000,40,300,23,0,0,0,505168,0
0,0,0,31,100,1000,40,300,13,0,0,0,505168,0
0,0,0,31,100,1000,40,300,9,0,0,0,505168,0
0,0,0,31,100,1000,40,300,5,0,0,0,505168,0
0,0,0,31,100,1000,30,300,23,0,0,0,505168,0
0,0,0,31,100,1000,30,300,13,0,0,0,505168,0
0,0,0,31,100,1000,30,300,9,0,0,0,505168,0
0,0,0,31,100,1000,30,300,5,0,0,0,505168,0
0,0,0,31,100,500,40,300,23,0,0,0,505168,0
0,0,0,31,100,500,40,300,13,0,0,0,505168,0
0,0,0,31,100,500,40,300,9,0,0,0,505168,0
0,0,0,31,100,500,40,300,5,0,0,0,505168,0
0,0,0,31,100,500,30,300,23,0,0,0,505168,0
0,0,0,31,100,500,30,300,13,0,0,0,505168,0
0,0,0,31,100,500,30,300,9,0,0,0,505168,0
0,0,0,31,100,500,30,300,5,0,0,0,505168,0
0,0,0,31,100,100,40,300,23,0,0,0,505168,0
0,0,0,31,100,100,40,300,13,0,0,0,505168,0
0,0,0,31,100,100,40,300,9,0,0,0,505168,0
0,0,0,31,100,100,40,300,5,0,0,0,505168,0
0,0,0,31,100,100,30,300,23,0,0,0,505168,0
0,0,0,31,100,100,30,300,13,0,0,0,505168,0
0,0,0,31,100,100,30,300,9,0,0,0,505168,0
0,0,0,31,100,100,30,300,5,0,0,0,505168,0
