70    1
71    2
72    2
73    1
74    8
75    2
76    7
77    3
78    3
79    3
80    9
81    11
82    8
83    14
84    18
85    30
86    24
87    36
88    49
89    48
90    52
91    57
92    50
93    74
94    60
95    82
96    89
97    90
98    74
99    82
100    66
101    85
102    78
103    91
104    76
105    79
106    79
107    67
108    79
109    76
110    55
111    55
112    48
113    35
114    41
115    33
116    19
117    27
118    19
119    17
120    8
121    12
122    12
123    3
124    5
125    5
126    2
127    6
128    3
129    0
130    2
