70    17
71    8
72    8
73    14
74    12
75    19
76    33
77    36
78    48
79    49
80    80
81    90
82    113
83    114
84    161
85    181
86    206
87    259
88    305
89    322
90    362
91    389
92    436
93    467
94    509
95    507
96    535
97    588
98    568
99    582
100    653
101    568
102    590
103    608
104    605
105    540
106    567
107    496
108    460
109    448
110    376
111    330
112    318
113    295
114    246
115    219
116    176
117    155
118    122
119    103
120    101
121    79
122    44
123    57
124    32
125    33
126    17
127    22
128    12
129    11
130    24
