61    2
62    0
63    0
64    0
65    0
66    1
67    2
68    0
69    0
70    3
71    2
72    5
73    5
74    6
75    5
76    6
77    12
78    13
79    10
80    7
81    17
82    12
83    16
84    20
85    21
86    31
87    29
88    26
89    29
90    28
91    24
92    21
93    33
94    37
95    36
96    43
97    33
98    37
99    30
100    36
101    41
102    43
103    43
104    33
105    31
106    30
107    30
108    41
109    35
110    31
111    18
112    37
113    28
114    23
115    23
116    27
117    21
118    20
119    14
120    21
121    5
122    12
123    8
124    9
125    2
126    9
127    2
128    6
129    8
130    3
131    2
132    3
133    1
134    4
135    1
136    2
137    0
138    0
139    2
