64    1
65    2
66    3
67    1
68    4
69    8
70    5
71    2
72    4
73    4
74    12
75    2
76    13
77    12
78    26
79    19
80    23
81    29
82    34
83    31
84    24
85    41
86    33
87    44
88    54
89    53
90    73
91    67
92    94
93    80
94    100
95    90
96    109
97    101
98    97
99    92
100    109
101    115
102    99
103    115
104    101
105    88
106    93
107    92
108    73
109    87
110    73
111    71
112    54
113    57
114    59
115    55
116    39
117    53
118    37
119    35
120    24
121    18
122    23
123    25
124    17
125    13
126    13
127    9
128    9
129    3
130    2
131    3
132    1
133    5
134    1
135    2
136    5
