58    22
59    5
60    8
61    6
62    8
63    16
64    13
65    18
66    22
67    25
68    31
69    32
70    45
71    43
72    57
73    57
74    67
75    80
76    88
77    93
78    108
79    128
80    149
81    148
82    189
83    191
84    207
85    246
86    239
87    264
88    281
89    319
90    312
91    350
92    367
93    376
94    407
95    373
96    388
97    362
98    428
99    413
100    456
101    419
102    463
103    398
104    401
105    440
106    404
107    399
108    386
109    345
110    329
111    304
112    293
113    278
114    246
115    214
116    200
117    218
118    203
119    179
120    166
121    157
122    140
123    138
124    110
125    84
126    93
127    57
128    65
129    43
130    53
131    43
132    43
133    31
134    24
135    24
136    5
137    14
138    21
139    11
140    13
141    3
142    25
