73    33
74    12
75    16
76    22
77    34
78    48
79    57
80    88
81    91
82    142
83    160
84    186
85    257
86    264
87    342
88    360
89    452
90    529
91    614
92    618
93    762
94    785
95    807
96    928
97    944
98    1020
99    1017
100    1003
101    1034
102    1062
103    996
104    988
105    950
106    833
107    805
108    734
109    680
110    575
111    525
112    434
113    405
114    359
115    301
116    256
117    211
118    147
119    129
120    121
121    76
122    51
123    54
124    42
125    30
126    19
127    52
