73    22
74    10
75    18
76    19
77    21
78    21
79    27
80    42
81    71
82    64
83    97
84    134
85    152
86    167
87    232
88    255
89    284
90    364
91    409
92    404
93    445
94    558
95    628
96    587
97    628
98    671
99    627
100    653
101    662
102    686
103    667
104    612
105    598
106    617
107    516
108    477
109    429
110    403
111    320
112    290
113    270
114    216
115    186
116    172
117    136
118    116
119    87
120    58
121    40
122    42
123    31
124    21
125    10
126    14
127    39
