70    8
71    0
72    1
73    3
74    6
75    6
76    15
77    15
78    14
79    28
80    30
81    36
82    47
83    40
84    62
85    59
86    90
87    90
88    92
89    136
90    135
91    141
92    181
93    156
94    185
95    217
96    184
97    219
98    200
99    237
100    211
101    199
102    232
103    196
104    192
105    198
106    187
107    188
108    159
109    147
110    123
111    117
112    125
113    93
114    76
115    84
116    66
117    62
118    46
119    31
120    34
121    25
122    26
123    18
124    14
125    12
126    9
127    5
128    4
129    3
130    12
