64    16
65    5
66    9
67    6
68    15
69    12
70    14
71    27
72    31
73    31
74    42
75    37
76    65
77    71
78    89
79    104
80    128
81    138
82    158
83    157
84    173
85    174
86    251
87    278
88    276
89    278
90    318
91    360
92    364
93    381
94    390
95    412
96    445
97    442
98    447
99    436
100    475
101    468
102    465
103    445
104    487
105    440
106    400
107    402
108    393
109    374
110    337
111    326
112    282
113    281
114    273
115    185
116    185
117    171
118    164
119    153
120    131
121    116
122    101
123    79
124    64
125    47
126    45
127    34
128    35
129    32
130    19
131    16
132    10
133    18
134    10
135    9
136    25
