61    14
62    7
63    7
64    8
65    16
66    13
67    19
68    18
69    17
70    27
71    34
72    42
73    59
74    42
75    52
76    67
77    88
78    86
79    92
80    119
81    135
82    130
83    152
84    179
85    198
86    213
87    234
88    254
89    260
90    278
91    271
92    294
93    388
94    336
95    360
96    374
97    357
98    422
99    396
100    382
101    399
102    440
103    401
104    428
105    341
106    368
107    366
108    333
109    346
110    303
111    274
112    253
113    245
114    241
115    231
116    197
117    185
118    162
119    138
120    115
121    110
122    90
123    98
124    83
125    58
126    56
127    62
128    47
129    41
130    35
131    22
132    17
133    17
134    24
135    10
136    11
137    17
138    3
139    29
