67    2
68    0
69    1
70    5
71    5
72    1
73    3
74    2
75    3
76    4
77    4
78    6
79    10
80    11
81    8
82    10
83    17
84    24
85    20
86    24
87    23
88    32
89    30
90    34
91    46
92    49
93    47
94    42
95    51
96    61
97    44
98    51
99    51
100    66
101    52
102    62
103    59
104    36
105    47
106    56
107    59
108    41
109    45
110    35
111    36
112    39
113    30
114    35
115    21
116    15
117    18
118    14
119    15
120    17
121    5
122    9
123    6
124    7
125    1
126    8
127    0
128    6
129    3
130    1
131    0
132    2
133    1
