61    7
62    3
63    3
64    5
65    5
66    9
67    6
68    9
69    9
70    9
71    12
72    9
73    26
74    21
75    32
76    32
77    41
78    29
79    51
80    57
81    56
82    62
83    79
84    98
85    85
86    103
87    114
88    130
89    109
90    141
91    132
92    156
93    172
94    160
95    185
96    187
97    172
98    176
99    178
100    196
101    213
102    197
103    183
104    189
105    181
106    163
107    176
108    157
109    148
110    129
111    124
112    121
113    105
114    94
115    105
116    95
117    76
118    79
119    64
120    71
121    43
122    60
123    47
124    34
125    35
126    27
127    26
128    16
129    20
130    16
131    14
132    15
133    7
134    10
135    3
136    5
137    3
138    4
139    9
