73    3
74    1
75    3
76    3
77    3
78    4
79    7
80    9
81    10
82    11
83    22
84    29
85    28
86    32
87    42
88    63
89    48
90    62
91    64
92    69
93    88
94    79
95    103
96    107
97    119
98    134
99    124
100    124
101    124
102    123
103    132
104    118
105    113
106    97
107    97
108    88
109    80
110    62
111    53
112    59
113    59
114    43
115    38
116    22
117    33
118    22
119    11
120    13
121    10
122    12
123    6
124    4
125    2
126    2
127    1
