73    8
74    12
75    4
76    7
77    6
78    11
79    17
80    26
81    39
82    36
83    50
84    61
85    72
86    92
87    108
88    152
89    140
90    156
91    157
92    196
93    253
94    246
95    233
96    315
97    280
98    321
99    313
100    324
101    306
102    307
103    345
104    295
105    318
106    272
107    236
108    231
109    228
110    198
111    190
112    140
113    126
114    92
115    97
116    91
117    55
118    54
119    41
120    34
121    10
122    18
123    9
124    14
125    8
126    6
127    13
