58    12
59    5
60    6
61    9
62    5
63    6
64    8
65    14
66    9
67    15
68    17
69    19
70    17
71    37
72    31
73    50
74    67
75    60
76    65
77    66
78    74
79    99
80    115
81    122
82    114
83    152
84    128
85    173
86    181
87    179
88    208
89    219
90    237
91    235
92    248
93    239
94    290
95    270
96    274
97    299
98    307
99    328
100    347
101    317
102    297
103    317
104    300
105    303
106    267
107    283
108    234
109    272
110    234
111    241
112    240
113    200
114    197
115    179
116    160
117    147
118    135
119    119
120    108
121    96
122    87
123    61
124    74
125    65
126    68
127    50
128    50
129    34
130    42
131    31
132    20
133    26
134    21
135    13
136    13
137    8
138    11
139    12
140    13
141    2
142    24
