61    1
62    0
63    1
64    0
65    1
66    0
67    1
68    0
69    2
70    1
71    1
72    1
73    3
74    2
75    3
76    2
77    2
78    2
79    4
80    4
81    3
82    11
83    2
84    7
85    9
86    10
87    6
88    15
89    10
90    16
91    13
92    14
93    9
94    11
95    20
96    11
97    21
98    12
99    15
100    12
101    16
102    18
103    22
104    11
105    17
106    12
107    12
108    13
109    14
110    14
111    11
112    13
113    7
114    12
115    7
116    10
117    10
118    7
119    4
120    2
121    5
122    5
123    3
124    2
125    2
126    2
127    2
128    2
129    3
130    0
131    1
132    2
133    0
134    1
135    0
136    1
137    1
138    0
139    0
