61    3
62    4
63    3
64    7
65    5
66    6
67    4
68    5
69    7
70    11
71    8
72    15
73    23
74    31
75    25
76    24
77    39
78    38
79    57
80    60
81    53
82    61
83    68
84    69
85    87
86    94
87    75
88    119
89    143
90    150
91    148
92    134
93    138
94    184
95    166
96    182
97    183
98    204
99    169
100    173
101    155
102    191
103    191
104    182
105    172
106    195
107    177
108    170
109    148
110    130
111    116
112    129
113    100
114    101
115    87
116    82
117    82
118    49
119    87
120    55
121    44
122    53
123    46
124    33
125    30
126    27
127    24
128    23
129    14
130    18
131    13
132    12
133    7
134    12
135    4
136    3
137    7
138    8
139    15
