64    22
65    4
66    7
67    10
68    18
69    13
70    14
71    26
72    26
73    45
74    43
75    52
76    68
77    63
78    97
79    91
80    103
81    133
82    154
83    176
84    194
85    203
86    222
87    261
88    263
89    282
90    316
91    378
92    424
93    416
94    443
95    448
96    488
97    430
98    466
99    534
100    492
101    529
102    516
103    461
104    457
105    474
106    449
107    424
108    393
109    367
110    339
111    337
112    299
113    313
114    306
115    229
116    225
117    221
118    176
119    137
120    140
121    119
122    98
123    88
124    79
125    61
126    49
127    37
128    38
129    22
130    29
131    13
132    17
133    12
134    12
135    5
136    23
