70    45
71    18
72    27
73    32
74    57
75    73
76    69
77    107
78    134
79    174
80    212
81    246
82    302
83    337
84    420
85    516
86    570
87    714
88    789
89    869
90    919
91    1099
92    1223
93    1297
94    1348
95    1504
96    1535
97    1582
98    1601
99    1691
100    1647
101    1731
102    1655
103    1612
104    1568
105    1519
106    1424
107    1387
108    1235
109    1129
110    1044
111    938
112    924
113    777
114    687
115    586
116    524
117    410
118    385
119    316
120    253
121    201
122    157
123    154
124    117
125    77
126    68
127    61
128    33
129    32
130    67
