64    34
65    10
66    11
67    14
68    19
69    20
70    35
71    35
72    44
73    60
74    63
75    70
76    80
77    100
78    120
79    151
80    161
81    197
82    244
83    237
84    273
85    300
86    314
87    371
88    420
89    437
90    518
91    497
92    590
93    603
94    593
95    643
96    650
97    645
98    765
99    754
100    730
101    697
102    733
103    720
104    712
105    680
106    692
107    607
108    599
109    585
110    512
111    504
112    476
113    421
114    387
115    340
116    283
117    289
118    264
119    233
120    185
121    149
122    159
123    119
124    112
125    75
126    85
127    71
128    48
129    39
130    29
131    23
132    20
133    14
134    14
135    9
136    34
