73    17
74    3
75    8
76    18
77    13
78    21
79    33
80    33
81    45
82    58
83    84
84    87
85    115
86    119
87    166
88    194
89    216
90    258
91    263
92    332
93    364
94    363
95    387
96    420
97    445
98    486
99    456
100    501
101    514
102    497
103    462
104    466
105    415
106    399
107    371
108    345
109    304
110    314
111    233
112    223
113    204
114    169
115    129
116    123
117    89
118    62
119    58
120    51
121    34
122    19
123    14
124    12
125    11
126    6
127    25
