73    23
74    11
75    28
76    15
77    30
78    33
79    34
80    56
81    66
82    98
83    130
84    158
85    203
86    222
87    264
88    328
89    389
90    421
91    487
92    500
93    545
94    611
95    679
96    777
97    733
98    819
99    793
100    789
101    838
102    799
103    726
104    743
105    675
106    696
107    611
108    592
109    550
110    487
111    402
112    341
113    341
114    273
115    231
116    151
117    153
118    136
119    101
120    77
121    70
122    37
123    47
124    22
125    16
126    15
127    52
