64    8
65    2
66    1
67    4
68    3
69    4
70    6
71    5
72    13
73    11
74    14
75    15
76    26
77    19
78    24
79    20
80    32
81    36
82    49
83    61
84    66
85    78
86    84
87    85
88    90
89    92
90    116
91    110
92    134
93    128
94    126
95    135
96    166
97    141
98    136
99    152
100    141
101    170
102    161
103    146
104    137
105    152
106    157
107    149
108    102
109    138
110    125
111    106
112    94
113    87
114    69
115    68
116    66
117    68
118    53
119    58
120    43
121    44
122    28
123    25
124    18
125    17
126    19
127    14
128    6
129    7
130    10
131    3
132    3
133    5
134    2
135    2
136    9
