61    14
62    9
63    3
64    8
65    10
66    9
67    13
68    10
69    22
70    28
71    32
72    35
73    31
74    47
75    42
76    55
77    63
78    78
79    99
80    101
81    129
82    136
83    157
84    170
85    178
86    199
87    217
88    226
89    245
90    239
91    292
92    289
93    344
94    323
95    347
96    336
97    316
98    383
99    351
100    387
101    348
102    376
103    367
104    364
105    322
106    343
107    323
108    292
109    274
110    279
111    298
112    248
113    251
114    217
115    182
116    157
117    149
118    130
119    143
120    114
121    120
122    103
123    73
124    68
125    57
126    63
127    45
128    49
129    35
130    28
131    24
132    14
133    15
134    11
135    15
136    15
137    8
138    3
139    28
