64    13
65    8
66    6
67    5
68    6
69    7
70    9
71    17
72    16
73    18
74    26
75    30
76    32
77    38
78    45
79    46
80    61
81    68
82    78
83    82
84    95
85    122
86    130
87    160
88    170
89    190
90    187
91    194
92    241
93    229
94    279
95    230
96    239
97    271
98    279
99    300
100    286
101    234
102    295
103    274
104    301
105    271
106    246
107    268
108    242
109    228
110    205
111    186
112    151
113    176
114    139
115    146
116    114
117    101
118    107
119    88
120    80
121    72
122    58
123    56
124    42
125    34
126    19
127    18
128    17
129    14
130    12
131    8
132    6
133    2
134    6
135    4
136    16
