64    56
65    10
66    22
67    19
68    29
69    26
70    52
71    53
72    67
73    71
74    90
75    115
76    132
77    153
78    189
79    187
80    227
81    279
82    363
83    376
84    427
85    419
86    545
87    573
88    660
89    714
90    725
91    788
92    802
93    895
94    1016
95    973
96    974
97    1033
98    1087
99    1094
100    1130
101    1099
102    1083
103    1053
104    1050
105    1022
106    1012
107    984
108    904
109    865
110    805
111    732
112    704
113    633
114    551
115    504
116    496
117    406
118    364
119    339
120    282
121    289
122    211
123    185
124    150
125    133
126    113
127    100
128    83
129    63
130    56
131    43
132    26
133    34
134    21
135    23
136    55
