67    14
68    2
69    5
70    6
71    11
72    13
73    15
74    16
75    19
76    16
77    29
78    28
79    43
80    49
81    63
82    76
83    76
84    96
85    128
86    100
87    144
88    144
89    133
90    166
91    177
92    193
93    215
94    224
95    284
96    298
97    253
98    299
99    326
100    296
101    298
102    289
103    286
104    287
105    272
106    241
107    242
108    236
109    203
110    208
111    192
112    146
113    150
114    134
115    116
116    115
117    88
118    77
119    70
120    70
121    51
122    43
123    29
124    29
125    26
126    15
127    12
128    17
129    13
130    9
131    11
132    5
133    12
