73    4
74    7
75    10
76    8
77    27
78    23
79    27
80    37
81    37
82    47
83    60
84    87
85    109
86    130
87    151
88    177
89    184
90    233
91    279
92    315
93    307
94    370
95    402
96    445
97    427
98    452
99    482
100    443
101    476
102    431
103    402
104    400
105    406
106    376
107    374
108    320
109    288
110    289
111    237
112    201
113    168
114    129
115    140
116    113
117    94
118    59
119    53
120    60
121    37
122    29
123    15
124    20
125    15
126    14
127    17
