58    4
59    1
60    0
61    0
62    1
63    2
64    1
65    2
66    5
67    1
68    3
69    12
70    6
71    11
72    10
73    11
74    7
75    15
76    16
77    11
78    14
79    18
80    32
81    24
82    24
83    29
84    26
85    25
86    37
87    42
88    41
89    42
90    33
91    44
92    50
93    62
94    46
95    58
96    67
97    66
98    75
99    58
100    76
101    55
102    68
103    69
104    53
105    53
106    55
107    63
108    51
109    50
110    42
111    34
112    30
113    35
114    40
115    33
116    49
117    37
118    29
119    21
120    19
121    22
122    23
123    12
124    18
125    13
126    13
127    9
128    12
129    10
130    6
131    6
132    7
133    2
134    8
135    2
136    5
137    1
138    2
139    0
140    1
141    1
142    5
