58    9
59    0
60    8
61    2
62    2
63    6
64    7
65    9
66    8
67    12
68    11
69    11
70    16
71    20
72    29
73    33
74    36
75    31
76    43
77    50
78    42
79    51
80    67
81    64
82    86
83    87
84    90
85    113
86    125
87    114
88    101
89    147
90    127
91    148
92    157
93    162
94    164
95    172
96    184
97    180
98    200
99    192
100    157
101    208
102    176
103    159
104    163
105    152
106    187
107    164
108    177
109    164
110    140
111    169
112    144
113    125
114    116
115    103
116    86
117    90
118    86
119    84
120    62
121    63
122    50
123    52
124    60
125    39
126    38
127    31
128    39
129    33
130    21
131    25
132    12
133    16
134    7
135    13
136    6
137    6
138    7
139    3
140    3
141    6
142    13
