64    17
65    3
66    7
67    7
68    12
69    11
70    8
71    20
72    13
73    22
74    21
75    31
76    38
77    49
78    52
79    53
80    65
81    86
82    106
83    118
84    133
85    128
86    142
87    163
88    149
89    213
90    210
91    226
92    227
93    251
94    259
95    261
96    267
97    289
98    290
99    295
100    296
101    283
102    306
103    283
104    292
105    293
106    284
107    275
108    227
109    230
110    215
111    225
112    191
113    190
114    158
115    138
116    132
117    122
118    104
119    86
120    78
121    62
122    47
123    55
124    50
125    36
126    23
127    25
128    26
129    16
130    15
131    9
132    9
133    7
134    10
135    6
136    20
