64    0
65    0
66    0
67    1
68    1
69    2
70    2
71    1
72    3
73    2
74    7
75    3
76    3
77    3
78    6
79    7
80    3
81    9
82    10
83    4
84    16
85    9
86    15
87    11
88    13
89    20
90    26
91    17
92    26
93    37
94    23
95    32
96    30
97    20
98    23
99    36
100    37
101    36
102    25
103    31
104    25
105    28
106    20
107    11
108    14
109    21
110    18
111    16
112    15
113    19
114    22
115    15
116    20
117    13
118    10
119    10
120    6
121    9
122    2
123    4
124    3
125    2
126    3
127    1
128    3
129    3
130    0
131    1
132    0
133    0
134    1
135    1
136    2
