58    7
59    5
60    4
61    7
62    4
63    6
64    5
65    9
66    7
67    20
68    23
69    19
70    21
71    29
72    27
73    39
74    34
75    46
76    57
77    66
78    72
79    87
80    80
81    87
82    85
83    101
84    115
85    136
86    133
87    132
88    144
89    153
90    177
91    158
92    193
93    196
94    203
95    218
96    221
97    214
98    217
99    204
100    252
101    221
102    212
103    210
104    229
105    236
106    212
107    213
108    168
109    172
110    164
111    181
112    167
113    147
114    135
115    131
116    112
117    88
118    104
119    102
120    93
121    79
122    78
123    65
124    52
125    56
126    45
127    38
128    42
129    42
130    24
131    22
132    16
133    17
134    13
135    6
136    9
137    5
138    6
139    3
140    3
141    3
142    15
