70    13
71    5
72    12
73    9
74    17
75    20
76    27
77    24
78    33
79    66
80    66
81    68
82    104
83    109
84    150
85    179
86    198
87    214
88    260
89    262
90    290
91    349
92    344
93    377
94    418
95    456
96    465
97    512
98    566
99    527
100    599
101    543
102    516
103    479
104    471
105    480
106    437
107    458
108    439
109    376
110    326
111    305
112    273
113    252
114    215
115    200
116    147
117    145
118    125
119    108
120    88
121    69
122    53
123    46
124    37
125    26
126    12
127    21
128    13
129    6
130    22
