67    3
68    1
69    0
70    1
71    0
72    4
73    6
74    5
75    3
76    7
77    5
78    11
79    15
80    13
81    16
82    23
83    29
84    27
85    33
86    36
87    38
88    48
89    54
90    76
91    64
92    60
93    61
94    72
95    66
96    86
97    82
98    87
99    84
100    80
101    83
102    81
103    75
104    81
105    68
106    88
107    61
108    60
109    52
110    60
111    55
112    48
113    44
114    40
115    30
116    33
117    29
118    30
119    16
120    23
121    18
122    17
123    13
124    9
125    12
126    13
127    1
128    4
129    4
130    3
131    0
132    2
133    3
