70    28
71    20
72    9
73    16
74    22
75    25
76    41
77    37
78    42
79    73
80    94
81    112
82    118
83    162
84    178
85    221
86    216
87    302
88    346
89    412
90    407
91    470
92    480
93    577
94    560
95    688
96    707
97    767
98    680
99    786
100    746
101    748
102    783
103    693
104    696
105    704
106    625
107    610
108    577
109    540
110    505
111    433
112    361
113    391
114    292
115    244
116    217
117    173
118    158
119    146
120    110
121    104
122    68
123    52
124    42
125    33
126    36
127    28
128    20
129    11
130    26
