67    4
68    1
69    1
70    2
71    1
72    4
73    4
74    5
75    7
76    6
77    5
78    5
79    13
80    15
81    17
82    20
83    20
84    20
85    25
86    44
87    31
88    44
89    46
90    49
91    64
92    61
93    64
94    59
95    65
96    71
97    63
98    85
99    63
100    82
101    63
102    84
103    68
104    76
105    62
106    68
107    53
108    71
109    47
110    62
111    51
112    45
113    32
114    30
115    40
116    43
117    20
118    13
119    18
120    14
121    11
122    15
123    5
124    7
125    4
126    5
127    4
128    0
129    4
130    3
131    1
132    2
133    4
