70    19
71    4
72    9
73    12
74    21
75    27
76    32
77    36
78    36
79    51
80    64
81    97
82    87
83    131
84    137
85    132
86    178
87    183
88    229
89    234
90    281
91    336
92    367
93    374
94    407
95    409
96    431
97    467
98    502
99    479
100    506
101    502
102    502
103    465
104    463
105    447
106    424
107    417
108    416
109    368
110    322
111    331
112    262
113    237
114    211
115    187
116    127
117    137
118    105
119    91
120    77
121    72
122    46
123    43
124    34
125    29
126    9
127    9
128    16
129    11
130    31
