67    7
68    4
69    8
70    6
71    11
72    13
73    17
74    12
75    25
76    20
77    29
78    48
79    53
80    45
81    64
82    83
83    93
84    110
85    150
86    111
87    190
88    160
89    181
90    187
91    242
92    263
93    246
94    300
95    310
96    311
97    318
98    355
99    319
100    345
101    351
102    315
103    306
104    337
105    303
106    287
107    265
108    245
109    253
110    248
111    218
112    181
113    169
114    142
115    139
116    127
117    118
118    95
119    83
120    73
121    78
122    54
123    38
124    31
125    24
126    17
127    18
128    14
129    11
130    9
131    5
132    10
133    12
