70    13
71    11
72    2
73    6
74    8
75    12
76    22
77    19
78    28
79    48
80    49
81    50
82    57
83    86
84    77
85    126
86    124
87    139
88    167
89    164
90    212
91    239
92    268
93    283
94    295
95    282
96    310
97    340
98    341
99    340
100    344
101    388
102    354
103    353
104    346
105    301
106    317
107    293
108    293
109    228
110    219
111    191
112    190
113    163
114    142
115    115
116    109
117    91
118    81
119    81
120    59
121    35
122    34
123    25
124    26
125    14
126    4
127    11
128    4
129    5
130    17
