61    15
62    8
63    6
64    10
65    7
66    19
67    22
68    19
69    26
70    37
71    33
72    33
73    57
74    52
75    58
76    81
77    94
78    100
79    116
80    133
81    182
82    153
83    195
84    212
85    225
86    251
87    255
88    284
89    305
90    349
91    349
92    406
93    353
94    401
95    440
96    432
97    434
98    432
99    474
100    456
101    477
102    441
103    485
104    453
105    425
106    413
107    425
108    389
109    370
110    331
111    360
112    306
113    285
114    277
115    265
116    233
117    207
118    186
119    184
120    141
121    124
122    113
123    101
124    82
125    69
126    65
127    72
128    54
129    43
130    62
131    32
132    31
133    20
134    16
135    13
136    7
137    5
138    7
139    28
