58    4
59    2
60    1
61    1
62    3
63    1
64    1
65    3
66    4
67    5
68    6
69    9
70    9
71    7
72    10
73    8
74    10
75    14
76    26
77    19
78    26
79    33
80    29
81    30
82    39
83    41
84    49
85    53
86    54
87    46
88    61
89    77
90    59
91    72
92    61
93    73
94    79
95    87
96    71
97    84
98    102
99    81
100    103
101    85
102    87
103    72
104    73
105    79
106    91
107    70
108    73
109    71
110    50
111    84
112    62
113    51
114    54
115    53
116    34
117    41
118    49
119    30
120    35
121    21
122    27
123    30
124    25
125    23
126    22
127    16
128    15
129    12
130    10
131    12
132    7
133    10
134    9
135    5
136    4
137    2
138    7
139    2
140    1
141    1
142    7
