67    13
68    5
69    7
70    9
71    6
72    14
73    12
74    20
75    23
76    23
77    30
78    41
79    48
80    79
81    81
82    73
83    90
84    102
85    119
86    135
87    153
88    173
89    180
90    210
91    231
92    269
93    244
94    302
95    275
96    295
97    318
98    315
99    282
100    336
101    328
102    340
103    338
104    307
105    320
106    285
107    282
108    294
109    236
110    248
111    207
112    183
113    184
114    165
115    147
116    128
117    113
118    104
119    81
120    73
121    65
122    51
123    38
124    33
125    20
126    20
127    16
128    16
129    14
130    13
131    8
132    7
133    18
