73    6
74    4
75    3
76    3
77    6
78    8
79    8
80    17
81    20
82    20
83    21
84    34
85    41
86    40
87    68
88    78
89    69
90    101
91    124
92    116
93    139
94    135
95    148
96    149
97    181
98    179
99    205
100    157
101    182
102    178
103    192
104    190
105    163
106    153
107    140
108    133
109    114
110    103
111    122
112    77
113    70
114    64
115    60
116    48
117    26
118    32
119    18
120    27
121    11
122    15
123    4
124    7
125    5
126    3
127    6
