58    18
59    2
60    2
61    3
62    8
63    9
64    6
65    5
66    8
67    11
68    17
69    26
70    19
71    23
72    40
73    37
74    49
75    59
76    55
77    71
78    66
79    85
80    84
81    105
82    88
83    117
84    152
85    131
86    158
87    159
88    171
89    153
90    203
91    201
92    217
93    212
94    237
95    244
96    256
97    265
98    264
99    263
100    263
101    242
102    268
103    244
104    251
105    260
106    254
107    211
108    237
109    232
110    187
111    221
112    204
113    203
114    163
115    147
116    138
117    146
118    115
119    108
120    95
121    90
122    72
123    72
124    70
125    54
126    45
127    53
128    39
129    41
130    26
131    26
132    23
133    13
134    18
135    20
136    13
137    9
138    7
139    4
140    9
141    5
142    15
