64    56
65    12
66    24
67    27
68    22
69    37
70    53
71    52
72    87
73    81
74    135
75    119
76    135
77    183
78    233
79    256
80    295
81    358
82    375
83    424
84    521
85    581
86    656
87    744
88    794
89    871
90    835
91    956
92    1026
93    1102
94    1123
95    1136
96    1213
97    1265
98    1297
99    1266
100    1312
101    1301
102    1335
103    1280
104    1205
105    1196
106    1187
107    1123
108    1042
109    1002
110    973
111    873
112    809
113    738
114    635
115    605
116    579
117    479
118    436
119    406
120    350
121    282
122    268
123    234
124    188
125    177
126    144
127    116
128    101
129    80
130    52
131    59
132    40
133    35
134    28
135    19
136    69
