70    11
71    5
72    6
73    17
74    13
75    20
76    37
77    33
78    41
79    44
80    56
81    80
82    91
83    131
84    106
85    175
86    181
87    201
88    250
89    256
90    311
91    330
92    369
93    347
94    430
95    470
96    438
97    485
98    482
99    518
100    510
101    483
102    496
103    507
104    510
105    469
106    472
107    393
108    398
109    375
110    312
111    308
112    242
113    230
114    192
115    198
116    151
117    133
118    134
119    117
120    65
121    56
122    51
123    39
124    26
125    26
126    23
127    16
128    13
129    5
130    13
