64    7
65    5
66    1
67    3
68    6
69    3
70    6
71    10
72    13
73    14
74    26
75    30
76    35
77    37
78    35
79    37
80    45
81    60
82    64
83    78
84    89
85    110
86    119
87    164
88    142
89    167
90    155
91    199
92    193
93    197
94    239
95    228
96    234
97    244
98    253
99    255
100    266
101    251
102    228
103    245
104    248
105    251
106    224
107    213
108    184
109    206
110    175
111    154
112    164
113    131
114    150
115    130
116    100
117    112
118    85
119    93
120    64
121    58
122    41
123    37
124    31
125    32
126    25
127    22
128    14
129    11
130    18
131    5
132    9
133    7
134    2
135    6
136    15
