67    1
68    0
69    0
70    0
71    2
72    0
73    1
74    0
75    4
76    4
77    7
78    2
79    3
80    3
81    11
82    11
83    9
84    12
85    13
86    7
87    14
88    19
89    28
90    15
91    16
92    17
93    21
94    35
95    32
96    20
97    28
98    27
99    27
100    35
101    41
102    33
103    31
104    34
105    36
106    24
107    24
108    37
109    18
110    24
111    19
112    21
113    20
114    12
115    6
116    6
117    11
118    13
119    6
120    3
121    6
122    3
123    4
124    5
125    2
126    0
127    1
128    0
129    1
130    1
131    0
132    0
133    2
