70    5
71    2
72    3
73    2
74    3
75    9
76    6
77    8
78    20
79    17
80    25
81    22
82    39
83    32
84    40
85    44
86    64
87    67
88    66
89    84
90    96
91    83
92    111
93    109
94    106
95    140
96    174
97    126
98    152
99    148
100    173
101    173
102    168
103    153
104    157
105    119
106    139
107    140
108    108
109    105
110    92
111    87
112    88
113    79
114    69
115    56
116    42
117    43
118    28
119    31
120    25
121    20
122    20
123    15
124    14
125    4
126    7
127    2
128    2
129    2
130    10
