73    7
74    10
75    3
76    10
77    10
78    21
79    10
80    17
81    28
82    24
83    34
84    42
85    68
86    93
87    97
88    95
89    129
90    115
91    124
92    164
93    156
94    179
95    217
96    196
97    232
98    221
99    256
100    261
101    256
102    280
103    226
104    213
105    194
106    213
107    188
108    182
109    197
110    131
111    131
112    114
113    88
114    67
115    62
116    60
117    47
118    33
119    28
120    28
121    12
122    22
123    11
124    7
125    10
126    3
127    9
