58    2
59    1
60    0
61    1
62    2
63    5
64    0
65    2
66    3
67    5
68    4
69    6
70    16
71    10
72    15
73    11
74    14
75    13
76    19
77    16
78    21
79    18
80    21
81    26
82    35
83    33
84    41
85    46
86    45
87    56
88    63
89    62
90    62
91    61
92    72
93    71
94    92
95    71
96    84
97    92
98    88
99    92
100    92
101    82
102    98
103    81
104    89
105    90
106    81
107    76
108    76
109    60
110    71
111    65
112    70
113    67
114    52
115    42
116    67
117    38
118    39
119    33
120    29
121    12
122    28
123    29
124    17
125    11
126    15
127    11
128    8
129    8
130    9
131    5
132    5
133    6
134    6
135    2
136    3
137    1
138    0
139    3
140    3
141    1
142    5
