70    7
71    5
72    7
73    3
74    3
75    10
76    12
77    12
78    11
79    28
80    35
81    37
82    42
83    53
84    57
85    82
86    85
87    100
88    127
89    133
90    165
91    154
92    179
93    187
94    210
95    240
96    246
97    257
98    262
99    256
100    283
101    277
102    274
103    248
104    228
105    229
106    216
107    203
108    206
109    186
110    180
111    144
112    135
113    106
114    112
115    91
116    84
117    72
118    64
119    46
120    42
121    28
122    20
123    17
124    16
125    17
126    10
127    8
128    6
129    8
130    10
