58    7
59    3
60    2
61    8
62    7
63    10
64    14
65    14
66    11
67    14
68    18
69    18
70    24
71    21
72    37
73    43
74    42
75    56
76    52
77    67
78    65
79    78
80    87
81    91
82    106
83    119
84    137
85    159
86    159
87    162
88    182
89    189
90    199
91    226
92    206
93    222
94    257
95    243
96    251
97    247
98    288
99    282
100    280
101    231
102    254
103    277
104    248
105    264
106    269
107    227
108    225
109    219
110    237
111    204
112    213
113    194
114    166
115    161
116    172
117    116
118    127
119    115
120    98
121    88
122    84
123    65
124    43
125    50
126    57
127    56
128    40
129    27
130    24
131    15
132    23
133    14
134    17
135    11
136    7
137    7
138    8
139    8
140    3
141    2
142    15
