58    0
59    1
60    0
61    0
62    0
63    0
64    0
65    0
66    2
67    2
68    1
69    3
70    1
71    1
72    0
73    5
74    6
75    2
76    5
77    4
78    5
79    8
80    8
81    7
82    10
83    13
84    13
85    12
86    8
87    14
88    12
89    20
90    10
91    18
92    19
93    24
94    20
95    19
96    24
97    22
98    22
99    25
100    25
101    18
102    31
103    23
104    21
105    24
106    21
107    21
108    19
109    12
110    22
111    13
112    14
113    7
114    16
115    8
116    11
117    11
118    16
119    16
120    1
121    4
122    4
123    7
124    10
125    10
126    13
127    5
128    2
129    2
130    1
131    1
132    3
133    1
134    0
135    1
136    1
137    0
138    0
139    0
140    0
141    0
142    3
