61    6
62    2
63    1
64    0
65    1
66    2
67    5
68    4
69    4
70    4
71    14
72    19
73    14
74    19
75    25
76    23
77    23
78    30
79    42
80    35
81    39
82    62
83    46
84    59
85    55
86    76
87    77
88    77
89    100
90    109
91    101
92    106
93    112
94    116
95    131
96    109
97    105
98    139
99    122
100    129
101    128
102    123
103    131
104    134
105    101
106    99
107    108
108    102
109    105
110    97
111    92
112    95
113    81
114    72
115    82
116    66
117    67
118    60
119    50
120    36
121    45
122    29
123    18
124    28
125    15
126    26
127    13
128    17
129    5
130    10
131    12
132    7
133    4
134    5
135    3
136    2
137    4
138    0
139    8
