70    5
71    2
72    3
73    6
74    6
75    11
76    13
77    10
78    14
79    27
80    30
81    37
82    47
83    48
84    60
85    71
86    70
87    82
88    94
89    120
90    121
91    151
92    163
93    159
94    180
95    193
96    229
97    213
98    226
99    214
100    226
101    239
102    228
103    207
104    190
105    197
106    195
107    190
108    183
109    152
110    120
111    120
112    103
113    87
114    104
115    87
116    61
117    58
118    49
119    48
120    32
121    40
122    24
123    15
124    14
125    15
126    7
127    11
128    8
129    5
130    11
