73    22
74    9
75    20
76    17
77    24
78    30
79    44
80    63
81    79
82    98
83    108
84    156
85    136
86    210
87    246
88    303
89    364
90    370
91    443
92    491
93    560
94    600
95    652
96    684
97    717
98    718
99    761
100    726
101    742
102    751
103    764
104    678
105    667
106    650
107    619
108    533
109    501
110    459
111    386
112    325
113    310
114    270
115    214
116    176
117    150
118    108
119    96
120    76
121    66
122    41
123    33
124    35
125    17
126    20
127    43
