64    26
65    3
66    6
67    9
68    9
69    15
70    19
71    21
72    25
73    39
74    34
75    52
76    55
77    58
78    63
79    93
80    91
81    124
82    141
83    140
84    190
85    196
86    195
87    236
88    252
89    257
90    324
91    360
92    370
93    356
94    417
95    374
96    438
97    459
98    438
99    452
100    455
101    466
102    416
103    412
104    450
105    427
106    420
107    380
108    382
109    354
110    303
111    290
112    261
113    242
114    257
115    204
116    183
117    166
118    151
119    147
120    122
121    93
122    86
123    69
124    63
125    53
126    57
127    32
128    26
129    23
130    19
131    20
132    11
133    16
134    6
135    6
136    22
