70    13
71    4
72    7
73    10
74    13
75    15
76    24
77    20
78    47
79    41
80    47
81    75
82    58
83    94
84    117
85    127
86    147
87    177
88    233
89    249
90    238
91    306
92    308
93    317
94    389
95    374
96    415
97    414
98    461
99    439
100    431
101    476
102    451
103    425
104    464
105    433
106    396
107    355
108    309
109    313
110    285
111    265
112    223
113    187
114    168
115    168
116    143
117    120
118    74
119    95
120    71
121    42
122    42
123    31
124    26
125    16
126    17
127    19
128    13
129    7
130    18
