73    6
74    4
75    2
76    7
77    9
78    8
79    6
80    19
81    20
82    34
83    43
84    48
85    54
86    67
87    84
88    84
89    112
90    143
91    160
92    170
93    169
94    170
95    218
96    231
97    232
98    262
99    224
100    262
101    232
102    241
103    248
104    236
105    242
106    197
107    175
108    156
109    137
110    155
111    131
112    99
113    111
114    83
115    72
116    70
117    39
118    38
119    30
120    20
121    23
122    10
123    5
124    7
125    11
126    7
127    10
