67    5
68    4
69    3
70    1
71    0
72    5
73    7
74    7
75    10
76    7
77    15
78    11
79    16
80    21
81    24
82    32
83    36
84    51
85    52
86    56
87    56
88    66
89    72
90    87
91    93
92    84
93    99
94    101
95    106
96    110
97    139
98    111
99    124
100    146
101    132
102    122
103    118
104    125
105    108
106    99
107    113
108    109
109    80
110    79
111    80
112    74
113    66
114    49
115    53
116    46
117    41
118    40
119    27
120    25
121    31
122    17
123    16
124    10
125    11
126    7
127    5
128    5
129    7
130    7
131    1
132    8
133    7
