64    7
65    0
66    1
67    3
68    1
69    5
70    5
71    7
72    10
73    4
74    8
75    16
76    16
77    12
78    27
79    19
80    23
81    30
82    33
83    50
84    48
85    61
86    63
87    52
88    83
89    81
90    71
91    83
92    82
93    113
94    94
95    102
96    93
97    102
98    102
99    122
100    99
101    115
102    130
103    116
104    94
105    111
106    99
107    95
108    83
109    84
110    85
111    70
112    62
113    67
114    67
115    63
116    54
117    37
118    54
119    48
120    27
121    36
122    15
123    22
124    24
125    12
126    15
127    11
128    14
129    12
130    5
131    2
132    5
133    4
134    3
135    2
136    4
