61    6
62    0
63    3
64    1
65    1
66    2
67    2
68    2
69    1
70    4
71    6
72    6
73    11
74    12
75    7
76    7
77    14
78    17
79    10
80    22
81    16
82    24
83    31
84    26
85    38
86    38
87    32
88    41
89    48
90    46
91    59
92    47
93    51
94    44
95    61
96    64
97    72
98    60
99    65
100    77
101    64
102    60
103    77
104    55
105    65
106    56
107    50
108    53
109    71
110    48
111    52
112    44
113    44
114    44
115    33
116    32
117    29
118    34
119    23
120    15
121    27
122    13
123    16
124    18
125    11
126    15
127    14
128    6
129    5
130    3
131    6
132    6
133    2
134    3
135    0
136    0
137    1
138    1
139    2
