67    16
68    4
69    9
70    12
71    3
72    10
73    15
74    15
75    28
76    21
77    33
78    40
79    66
80    59
81    68
82    81
83    83
84    118
85    153
86    149
87    159
88    194
89    229
90    231
91    232
92    285
93    284
94    309
95    326
96    361
97    343
98    387
99    406
100    394
101    388
102    369
103    363
104    367
105    338
106    325
107    373
108    315
109    296
110    283
111    214
112    200
113    193
114    194
115    173
116    150
117    118
118    119
119    92
120    85
121    79
122    51
123    48
124    35
125    35
126    29
127    13
128    24
129    6
130    13
131    7
132    3
133    22
