64    3
65    1
66    0
67    5
68    11
69    1
70    11
71    8
72    13
73    4
74    17
75    27
76    26
77    20
78    29
79    31
80    34
81    53
82    61
83    61
84    58
85    78
86    88
87    109
88    104
89    139
90    137
91    133
92    162
93    163
94    164
95    179
96    159
97    165
98    192
99    173
100    196
101    197
102    190
103    179
104    185
105    170
106    172
107    171
108    139
109    166
110    126
111    122
112    119
113    106
114    102
115    94
116    74
117    81
118    66
119    52
120    37
121    47
122    37
123    34
124    19
125    25
126    13
127    18
128    11
129    16
130    9
131    6
132    7
133    4
134    2
135    4
136    16
