64    6
65    2
66    1
67    1
68    0
69    3
70    2
71    9
72    9
73    11
74    11
75    10
76    14
77    14
78    19
79    14
80    18
81    31
82    36
83    29
84    27
85    46
86    41
87    43
88    54
89    62
90    87
91    92
92    64
93    72
94    69
95    89
96    85
97    106
98    106
99    108
100    95
101    92
102    98
103    91
104    105
105    97
106    94
107    88
108    65
109    82
110    79
111    71
112    63
113    62
114    49
115    55
116    45
117    34
118    27
119    32
120    23
121    20
122    21
123    17
124    16
125    13
126    7
127    6
128    8
129    8
130    6
131    5
132    5
133    1
134    3
135    1
136    8
