64    2
65    1
66    1
67    1
68    0
69    1
70    1
71    3
72    4
73    5
74    2
75    11
76    8
77    8
78    9
79    14
80    17
81    12
82    15
83    18
84    11
85    30
86    30
87    39
88    30
89    46
90    39
91    50
92    55
93    49
94    46
95    69
96    60
97    67
98    74
99    55
100    71
101    61
102    54
103    50
104    64
105    52
106    59
107    49
108    54
109    45
110    56
111    31
112    41
113    27
114    33
115    41
116    31
117    19
118    22
119    20
120    22
121    10
122    17
123    10
124    10
125    6
126    10
127    6
128    8
129    3
130    3
131    1
132    2
133    2
134    1
135    2
136    1
