67    14
68    7
69    1
70    7
71    12
72    15
73    20
74    20
75    19
76    35
77    35
78    53
79    50
80    62
81    77
82    68
83    100
84    114
85    109
86    153
87    161
88    175
89    210
90    205
91    243
92    247
93    280
94    284
95    308
96    326
97    331
98    369
99    339
100    332
101    316
102    345
103    300
104    313
105    321
106    312
107    299
108    237
109    218
110    219
111    202
112    209
113    189
114    166
115    170
116    134
117    87
118    106
119    78
120    63
121    51
122    52
123    34
124    37
125    28
126    22
127    17
128    21
129    16
130    11
131    5
132    6
133    23
