61    13
62    8
63    3
64    7
65    7
66    16
67    16
68    16
69    18
70    18
71    25
72    43
73    38
74    45
75    60
76    79
77    73
78    81
79    111
80    96
81    103
82    129
83    127
84    164
85    187
86    187
87    214
88    223
89    267
90    304
91    282
92    295
93    339
94    334
95    336
96    349
97    311
98    340
99    346
100    369
101    357
102    369
103    379
104    373
105    333
106    338
107    318
108    338
109    340
110    286
111    241
112    261
113    214
114    177
115    186
116    183
117    156
118    149
119    118
120    119
121    99
122    91
123    92
124    60
125    62
126    47
127    52
128    31
129    36
130    39
131    27
132    14
133    9
134    9
135    13
136    7
137    9
138    7
139    17
