64    21
65    7
66    5
67    8
68    18
69    10
70    29
71    21
72    26
73    28
74    42
75    51
76    71
77    71
78    68
79    85
80    106
81    120
82    154
83    133
84    176
85    192
86    213
87    215
88    258
89    273
90    298
91    320
92    360
93    381
94    400
95    422
96    443
97    443
98    463
99    425
100    463
101    507
102    424
103    440
104    428
105    426
106    419
107    383
108    378
109    361
110    338
111    280
112    274
113    263
114    255
115    197
116    205
117    175
118    162
119    129
120    103
121    96
122    103
123    68
124    68
125    57
126    45
127    46
128    35
129    23
130    18
131    15
132    13
133    14
134    11
135    5
136    17
