76    54
77    32
78    43
79    55
80    67
81    86
82    129
83    188
84    218
85    256
86    403
87    496
88    579
89    732
90    791
91    984
92    1144
93    1213
94    1345
95    1515
96    1665
97    1749
98    1885
99    1942
100    1946
101    1939
102    1937
103    1862
104    1792
105    1616
106    1526
107    1421
108    1295
109    1052
110    1039
111    862
112    631
113    591
114    484
115    395
116    273
117    233
118    167
119    141
120    92
121    75
122    60
123    26
124    82
