61    6
62    1
63    1
64    3
65    3
66    3
67    6
68    4
69    3
70    10
71    8
72    10
73    13
74    25
75    20
76    34
77    26
78    23
79    52
80    37
81    42
82    57
83    65
84    44
85    60
86    63
87    81
88    74
89    90
90    124
91    117
92    112
93    126
94    123
95    121
96    132
97    137
98    130
99    125
100    158
101    150
102    138
103    161
104    156
105    149
106    118
107    130
108    105
109    118
110    105
111    76
112    83
113    94
114    87
115    72
116    72
117    59
118    57
119    56
120    45
121    53
122    42
123    33
124    34
125    25
126    13
127    12
128    11
129    16
130    10
131    14
132    4
133    7
134    3
135    3
136    1
137    5
138    2
139    9
