61    3
62    1
63    4
64    3
65    5
66    3
67    6
68    2
69    2
70    13
71    8
72    17
73    13
74    26
75    16
76    28
77    29
78    47
79    29
80    51
81    50
82    62
83    46
84    62
85    57
86    69
87    99
88    83
89    86
90    97
91    99
92    107
93    114
94    117
95    120
96    139
97    155
98    154
99    120
100    148
101    138
102    158
103    123
104    119
105    131
106    153
107    110
108    112
109    104
110    104
111    91
112    95
113    90
114    82
115    63
116    63
117    53
118    62
119    53
120    54
121    38
122    39
123    37
124    31
125    23
126    14
127    20
128    15
129    19
130    12
131    11
132    6
133    2
134    4
135    5
136    5
137    0
138    1
139    3
