64    13
65    2
66    6
67    6
68    7
69    10
70    14
71    15
72    17
73    17
74    24
75    30
76    51
77    44
78    42
79    61
80    71
81    85
82    82
83    97
84    115
85    133
86    137
87    161
88    178
89    181
90    240
91    253
92    251
93    258
94    261
95    301
96    283
97    298
98    298
99    289
100    307
101    276
102    292
103    310
104    299
105    262
106    285
107    272
108    270
109    246
110    218
111    199
112    224
113    176
114    150
115    154
116    132
117    106
118    106
119    88
120    84
121    56
122    50
123    69
124    48
125    35
126    27
127    26
128    19
129    21
130    15
131    8
132    10
133    5
134    1
135    4
136    14
