73    5
74    2
75    2
76    2
77    4
78    4
79    2
80    3
81    6
82    14
83    10
84    18
85    13
86    24
87    26
88    34
89    29
90    50
91    46
92    65
93    49
94    60
95    59
96    60
97    73
98    84
99    75
100    82
101    72
102    84
103    70
104    74
105    60
106    59
107    38
108    52
109    54
110    52
111    49
112    33
113    33
114    17
115    24
116    16
117    11
118    11
119    5
120    5
121    2
122    4
123    1
124    2
125    2
126    4
127    2
