58    42
59    8
60    13
61    20
62    20
63    23
64    33
65    30
66    41
67    51
68    73
69    66
70    79
71    96
72    89
73    121
74    130
75    191
76    181
77    209
78    231
79    248
80    281
81    323
82    374
83    394
84    431
85    471
86    480
87    534
88    549
89    634
90    667
91    678
92    755
93    704
94    784
95    787
96    800
97    825
98    829
99    853
100    893
101    836
102    838
103    866
104    908
105    861
106    785
107    752
108    741
109    749
110    682
111    647
112    680
113    576
114    545
115    468
116    490
117    474
118    421
119    368
120    343
121    299
122    296
123    230
124    221
125    188
126    155
127    152
128    112
129    101
130    92
131    77
132    67
133    63
134    54
135    53
136    24
137    22
138    24
139    22
140    21
141    10
142    63
