76    62
77    26
78    46
79    51
80    95
81    139
82    171
83    191
84    290
85    340
86    477
87    589
88    686
89    813
90    986
91    1233
92    1385
93    1512
94    1648
95    1916
96    1972
97    2179
98    2258
99    2216
100    2374
101    2367
102    2275
103    2214
104    2106
105    2035
106    1852
107    1605
108    1522
109    1308
110    1128
111    983
112    797
113    684
114    571
115    437
116    377
117    266
118    198
119    152
120    115
121    88
122    56
123    44
124    86
