61    15
62    5
63    4
64    11
65    3
66    1
67    9
68    11
69    11
70    12
71    17
72    31
73    27
74    21
75    31
76    43
77    47
78    66
79    74
80    90
81    76
82    102
83    96
84    120
85    120
86    124
87    164
88    164
89    194
90    181
91    209
92    189
93    235
94    224
95    230
96    227
97    239
98    275
99    258
100    271
101    247
102    243
103    259
104    238
105    236
106    253
107    251
108    206
109    215
110    188
111    212
112    192
113    153
114    154
115    134
116    139
117    109
118    112
119    90
120    83
121    74
122    52
123    59
124    44
125    38
126    40
127    41
128    19
129    18
130    28
131    17
132    14
133    11
134    8
135    5
136    8
137    9
138    6
139    14
