67    2
68    1
69    2
70    2
71    4
72    2
73    3
74    6
75    6
76    15
77    4
78    11
79    15
80    23
81    22
82    17
83    16
84    35
85    37
86    41
87    56
88    53
89    57
90    76
91    77
92    64
93    81
94    76
95    86
96    91
97    103
98    101
99    78
100    101
101    90
102    98
103    96
104    94
105    68
106    90
107    68
108    76
109    71
110    62
111    66
112    63
113    54
114    40
115    37
116    25
117    37
118    24
119    29
120    14
121    14
122    16
123    10
124    12
125    7
126    4
127    3
128    4
129    3
130    1
131    2
132    0
133    7
