58    16
59    5
60    10
61    5
62    7
63    10
64    14
65    20
66    18
67    16
68    35
69    39
70    44
71    45
72    67
73    56
74    66
75    77
76    83
77    107
78    110
79    142
80    153
81    180
82    195
83    188
84    203
85    223
86    254
87    267
88    332
89    319
90    318
91    376
92    336
93    335
94    404
95    410
96    389
97    389
98    402
99    447
100    455
101    432
102    473
103    421
104    443
105    451
106    395
107    396
108    409
109    401
110    342
111    300
112    316
113    299
114    242
115    276
116    243
117    227
118    204
119    181
120    168
121    155
122    148
123    110
124    92
125    100
126    74
127    77
128    63
129    45
130    38
131    35
132    34
133    33
134    31
135    15
136    13
137    16
138    16
139    5
140    10
141    4
142    25
