61    6
62    0
63    2
64    2
65    5
66    4
67    8
68    3
69    1
70    5
71    7
72    11
73    9
74    18
75    14
76    10
77    21
78    26
79    25
80    30
81    30
82    30
83    33
84    37
85    45
86    47
87    41
88    62
89    60
90    62
91    68
92    69
93    62
94    83
95    79
96    76
97    88
98    100
99    83
100    89
101    86
102    86
103    109
104    98
105    95
106    60
107    85
108    93
109    75
110    75
111    69
112    66
113    70
114    54
115    60
116    41
117    42
118    42
119    40
120    44
121    28
122    24
123    16
124    20
125    17
126    16
127    10
128    9
129    5
130    7
131    2
132    3
133    8
134    3
135    2
136    1
137    4
138    4
139    2
