70    13
71    6
72    3
73    15
74    12
75    8
76    23
77    23
78    27
79    32
80    43
81    58
82    68
83    89
84    95
85    97
86    129
87    130
88    128
89    148
90    189
91    233
92    257
93    232
94    249
95    267
96    300
97    295
98    321
99    334
100    345
101    338
102    335
103    336
104    300
105    300
106    286
107    299
108    250
109    239
110    219
111    194
112    182
113    167
114    135
115    128
116    94
117    83
118    64
119    69
120    66
121    43
122    33
123    27
124    24
125    10
126    10
127    10
128    8
129    6
130    22
