58    12
59    1
60    4
61    8
62    4
63    9
64    7
65    11
66    9
67    20
68    14
69    27
70    24
71    38
72    34
73    39
74    39
75    65
76    59
77    70
78    79
79    80
80    99
81    104
82    119
83    143
84    144
85    140
86    185
87    185
88    214
89    205
90    233
91    222
92    219
93    252
94    278
95    261
96    298
97    296
98    316
99    286
100    284
101    297
102    298
103    284
104    289
105    280
106    283
107    255
108    267
109    268
110    270
111    227
112    218
113    195
114    178
115    189
116    170
117    175
118    143
119    123
120    112
121    103
122    88
123    88
124    63
125    65
126    59
127    47
128    43
129    39
130    37
131    21
132    21
133    14
134    25
135    15
136    8
137    5
138    4
139    8
140    6
141    4
142    23
