76    21
77    11
78    17
79    25
80    27
81    40
82    65
83    88
84    114
85    141
86    168
87    215
88    280
89    332
90    393
91    447
92    560
93    603
94    671
95    725
96    808
97    816
98    894
99    878
100    929
101    891
102    906
103    839
104    849
105    804
106    741
107    667
108    562
109    552
110    434
111    372
112    309
113    252
114    217
115    179
116    182
117    120
118    78
119    51
120    48
121    33
122    28
123    17
124    25
