58    39
59    11
60    9
61    17
62    14
63    28
64    18
65    39
66    43
67    40
68    65
69    60
70    94
71    87
72    104
73    110
74    119
75    144
76    192
77    187
78    246
79    246
80    280
81    326
82    361
83    389
84    412
85    419
86    499
87    516
88    531
89    584
90    547
91    615
92    683
93    610
94    734
95    772
96    789
97    785
98    797
99    804
100    810
101    767
102    786
103    798
104    720
105    778
106    703
107    729
108    707
109    690
110    651
111    566
112    595
113    549
114    510
115    475
116    412
117    384
118    329
119    337
120    321
121    294
122    245
123    218
124    178
125    185
126    156
127    139
128    110
129    118
130    93
131    72
132    69
133    62
134    38
135    36
136    34
137    32
138    17
139    23
140    10
141    11
142    30
