61    18
62    8
63    7
64    10
65    18
66    19
67    22
68    26
69    39
70    34
71    52
72    43
73    62
74    75
75    73
76    98
77    103
78    141
79    142
80    173
81    180
82    238
83    255
84    234
85    278
86    298
87    355
88    374
89    399
90    431
91    422
92    463
93    500
94    500
95    548
96    519
97    503
98    571
99    562
100    586
101    545
102    533
103    543
104    542
105    508
106    514
107    487
108    454
109    433
110    392
111    421
112    345
113    379
114    340
115    295
116    293
117    263
118    225
119    207
120    182
121    158
122    156
123    119
124    107
125    114
126    95
127    81
128    53
129    46
130    37
131    25
132    23
133    27
134    14
135    21
136    12
137    12
138    8
139    36
