76    64
77    25
78    39
79    68
80    78
81    104
82    141
83    198
84    268
85    314
86    404
87    490
88    656
89    769
90    872
91    1089
92    1187
93    1344
94    1509
95    1633
96    1841
97    1925
98    2003
99    2029
100    2068
101    2098
102    2120
103    2015
104    1944
105    1889
106    1648
107    1492
108    1383
109    1195
110    1026
111    854
112    733
113    589
114    473
115    405
116    357
117    230
118    175
119    146
120    105
121    64
122    44
123    37
124    88
