58    9
59    3
60    2
61    0
62    3
63    2
64    3
65    2
66    4
67    8
68    10
69    9
70    11
71    15
72    15
73    18
74    17
75    24
76    27
77    29
78    32
79    35
80    38
81    33
82    41
83    37
84    61
85    61
86    69
87    66
88    80
89    74
90    95
91    89
92    118
93    101
94    98
95    107
96    89
97    115
98    102
99    117
100    98
101    117
102    116
103    104
104    112
105    119
106    116
107    84
108    93
109    83
110    90
111    89
112    83
113    86
114    77
115    58
116    49
117    56
118    66
119    52
120    47
121    45
122    27
123    34
124    23
125    25
126    29
127    23
128    19
129    13
130    10
131    7
132    5
133    8
134    10
135    5
136    5
137    4
138    2
139    7
140    2
141    1
142    6
