67    3
68    2
69    2
70    5
71    1
72    2
73    5
74    8
75    5
76    13
77    10
78    19
79    18
80    12
81    15
82    24
83    12
84    35
85    33
86    44
87    43
88    59
89    64
90    78
91    57
92    67
93    85
94    86
95    83
96    89
97    109
98    105
99    104
100    101
101    101
102    104
103    105
104    109
105    87
106    76
107    102
108    87
109    69
110    65
111    61
112    61
113    49
114    59
115    38
116    31
117    38
118    28
119    24
120    13
121    13
122    19
123    14
124    11
125    10
126    10
127    9
128    2
129    4
130    5
131    2
132    0
133    11
