67    6
68    1
69    3
70    2
71    3
72    4
73    4
74    3
75    7
76    10
77    9
78    17
79    16
80    20
81    24
82    21
83    32
84    31
85    54
86    44
87    47
88    67
89    60
90    70
91    70
92    88
93    84
94    97
95    98
96    95
97    101
98    79
99    101
100    109
101    123
102    108
103    124
104    118
105    119
106    85
107    79
108    81
109    84
110    90
111    71
112    62
113    73
114    49
115    64
116    43
117    43
118    23
119    15
120    20
121    15
122    13
123    19
124    18
125    6
126    7
127    8
128    5
129    3
130    6
131    2
132    2
133    10
