61    34
62    11
63    10
64    24
65    27
66    34
67    37
68    54
69    70
70    69
71    84
72    112
73    104
74    121
75    172
76    190
77    258
78    247
79    317
80    345
81    328
82    426
83    490
84    535
85    515
86    656
87    667
88    715
89    736
90    823
91    908
92    912
93    936
94    1020
95    1092
96    1102
97    1096
98    1106
99    1214
100    1189
101    1156
102    1122
103    1132
104    1068
105    1021
106    1074
107    1012
108    961
109    923
110    837
111    875
112    794
113    747
114    715
115    631
116    551
117    528
118    475
119    423
120    408
121    348
122    289
123    221
124    235
125    193
126    150
127    151
128    119
129    107
130    85
131    81
132    61
133    44
134    28
135    38
136    34
137    28
138    20
139    65
