61    68
62    23
63    30
64    23
65    31
66    51
67    38
68    58
69    62
70    88
71    105
72    144
73    155
74    155
75    207
76    244
77    265
78    304
79    338
80    364
81    424
82    525
83    538
84    602
85    645
86    735
87    808
88    808
89    858
90    976
91    1020
92    1053
93    1109
94    1177
95    1242
96    1254
97    1270
98    1279
99    1368
100    1319
101    1367
102    1326
103    1359
104    1262
105    1187
106    1223
107    1126
108    1074
109    1057
110    1018
111    965
112    938
113    886
114    746
115    744
116    649
117    622
118    523
119    489
120    446
121    365
122    347
123    286
124    241
125    253
126    197
127    173
128    159
129    116
130    94
131    99
132    66
133    45
134    48
135    41
136    35
137    27
138    16
139    76
