73    7
74    4
75    1
76    4
77    3
78    9
79    6
80    22
81    17
82    29
83    34
84    32
85    46
86    63
87    66
88    80
89    101
90    80
91    121
92    125
93    123
94    159
95    163
96    179
97    178
98    206
99    192
100    198
101    187
102    180
103    191
104    194
105    162
106    170
107    169
108    120
109    140
110    123
111    95
112    71
113    67
114    60
115    68
116    49
117    42
118    34
119    19
120    29
121    15
122    13
123    8
124    9
125    5
126    3
127    4
