58    19
59    6
60    7
61    5
62    10
63    13
64    13
65    12
66    18
67    21
68    25
69    33
70    22
71    40
72    42
73    54
74    79
75    71
76    69
77    80
78    104
79    104
80    94
81    150
82    157
83    167
84    190
85    182
86    212
87    207
88    264
89    281
90    302
91    296
92    270
93    279
94    326
95    329
96    365
97    370
98    376
99    375
100    359
101    370
102    335
103    322
104    344
105    325
106    318
107    322
108    344
109    302
110    254
111    282
112    267
113    236
114    228
115    197
116    180
117    182
118    162
119    166
120    152
121    107
122    105
123    105
124    89
125    72
126    80
127    69
128    51
129    56
130    39
131    28
132    20
133    24
134    23
135    20
136    17
137    15
138    16
139    8
140    9
141    10
142    20
