58    8
59    4
60    2
61    7
62    6
63    5
64    5
65    8
66    13
67    7
68    16
69    20
70    20
71    17
72    23
73    29
74    38
75    51
76    37
77    58
78    52
79    73
80    72
81    64
82    94
83    102
84    117
85    119
86    148
87    120
88    130
89    151
90    152
91    167
92    185
93    165
94    198
95    214
96    185
97    202
98    216
99    222
100    235
101    196
102    230
103    207
104    206
105    181
106    230
107    194
108    190
109    180
110    187
111    173
112    143
113    172
114    121
115    109
116    107
117    103
118    102
119    80
120    69
121    79
122    63
123    56
124    59
125    47
126    41
127    32
128    29
129    27
130    22
131    23
132    18
133    12
134    12
135    11
136    5
137    8
138    6
139    5
140    5
141    3
142    10
