67    11
68    5
69    7
70    4
71    15
72    15
73    20
74    18
75    29
76    41
77    50
78    43
79    56
80    70
81    84
82    89
83    110
84    115
85    154
86    165
87    201
88    201
89    223
90    264
91    287
92    290
93    332
94    305
95    370
96    376
97    383
98    398
99    413
100    406
101    394
102    381
103    400
104    403
105    375
106    322
107    351
108    301
109    292
110    283
111    241
112    254
113    214
114    183
115    150
116    141
117    124
118    115
119    77
120    95
121    76
122    63
123    48
124    43
125    33
126    27
127    30
128    15
129    22
130    13
131    12
132    7
133    19
