64    1
65    0
66    0
67    2
68    0
69    2
70    3
71    0
72    1
73    2
74    2
75    3
76    4
77    5
78    3
79    6
80    3
81    8
82    8
83    6
84    9
85    16
86    13
87    16
88    10
89    25
90    13
91    27
92    22
93    21
94    17
95    20
96    25
97    22
98    30
99    20
100    28
101    21
102    31
103    22
104    24
105    31
106    25
107    24
108    24
109    20
110    23
111    13
112    17
113    11
114    9
115    13
116    6
117    14
118    7
119    3
120    11
121    2
122    4
123    5
124    5
125    6
126    3
127    6
128    2
129    1
130    3
131    1
132    2
133    0
134    0
135    0
136    2
