73    6
74    4
75    6
76    9
77    5
78    7
79    6
80    12
81    17
82    13
83    19
84    29
85    38
86    30
87    59
88    59
89    66
90    81
91    106
92    93
93    111
94    131
95    161
96    161
97    152
98    171
99    147
100    169
101    158
102    141
103    133
104    163
105    152
106    143
107    137
108    127
109    103
110    78
111    95
112    68
113    57
114    51
115    40
116    29
117    34
118    24
119    24
120    13
121    7
122    14
123    6
124    3
125    6
126    4
127    6
