61    4
62    1
63    2
64    1
65    2
66    1
67    1
68    1
69    2
70    4
71    7
72    4
73    10
74    5
75    12
76    8
77    10
78    16
79    10
80    21
81    12
82    32
83    34
84    23
85    18
86    28
87    33
88    35
89    43
90    44
91    44
92    53
93    45
94    49
95    54
96    47
97    50
98    59
99    57
100    67
101    59
102    65
103    52
104    53
105    58
106    56
107    52
108    56
109    33
110    45
111    28
112    43
113    49
114    34
115    36
116    20
117    22
118    24
119    20
120    20
121    16
122    5
123    12
124    11
125    12
126    4
127    7
128    5
129    6
130    5
131    5
132    4
133    3
134    1
135    2
136    0
137    0
138    1
139    4
