70    44
71    20
72    33
73    46
74    47
75    69
76    81
77    116
78    133
79    190
80    225
81    258
82    331
83    369
84    429
85    494
86    628
87    711
88    754
89    929
90    1001
91    1130
92    1236
93    1320
94    1420
95    1470
96    1537
97    1567
98    1602
99    1748
100    1743
101    1741
102    1703
103    1665
104    1604
105    1595
106    1522
107    1456
108    1278
109    1197
110    1055
111    979
112    902
113    825
114    729
115    603
116    506
117    460
118    387
119    323
120    254
121    211
122    170
123    142
124    122
125    79
126    69
127    47
128    41
129    33
130    75
