61    14
62    5
63    2
64    1
65    1
66    7
67    16
68    15
69    16
70    17
71    24
72    17
73    26
74    21
75    32
76    33
77    44
78    38
79    55
80    70
81    64
82    76
83    99
84    116
85    99
86    97
87    132
88    130
89    139
90    155
91    170
92    181
93    183
94    195
95    188
96    183
97    209
98    213
99    229
100    228
101    224
102    206
103    214
104    221
105    200
106    209
107    184
108    165
109    176
110    177
111    165
112    149
113    130
114    118
115    108
116    89
117    100
118    85
119    72
120    73
121    55
122    45
123    52
124    32
125    35
126    39
127    33
128    18
129    25
130    17
131    14
132    15
133    13
134    6
135    9
136    4
137    3
138    2
139    16
