67    20
68    8
69    4
70    9
71    8
72    17
73    22
74    17
75    34
76    39
77    53
78    66
79    62
80    75
81    108
82    105
83    119
84    141
85    170
86    201
87    197
88    207
89    244
90    270
91    308
92    294
93    356
94    367
95    409
96    361
97    431
98    427
99    439
100    472
101    448
102    457
103    453
104    435
105    415
106    379
107    366
108    377
109    339
110    278
111    289
112    264
113    230
114    194
115    179
116    172
117    143
118    129
119    106
120    89
121    81
122    53
123    80
124    44
125    46
126    26
127    27
128    26
129    13
130    13
131    12
132    13
133    24
