61    11
62    2
63    3
64    5
65    4
66    12
67    7
68    5
69    18
70    20
71    16
72    23
73    26
74    35
75    44
76    44
77    47
78    55
79    64
80    72
81    81
82    81
83    103
84    113
85    133
86    125
87    158
88    166
89    166
90    179
91    170
92    203
93    177
94    219
95    233
96    259
97    221
98    230
99    233
100    236
101    242
102    242
103    221
104    240
105    226
106    210
107    210
108    188
109    202
110    199
111    185
112    163
113    165
114    134
115    143
116    118
117    101
118    105
119    82
120    79
121    65
122    64
123    50
124    50
125    39
126    43
127    34
128    31
129    22
130    17
131    9
132    10
133    7
134    11
135    12
136    4
137    4
138    5
139    18
