67    48
68    26
69    24
70    37
71    53
72    55
73    52
74    85
75    99
76    117
77    153
78    173
79    229
80    243
81    309
82    356
83    377
84    442
85    511
86    590
87    686
88    762
89    824
90    896
91    994
92    1038
93    1081
94    1179
95    1296
96    1318
97    1313
98    1448
99    1443
100    1411
101    1395
102    1410
103    1332
104    1366
105    1348
106    1288
107    1152
108    1026
109    1026
110    982
111    881
112    803
113    774
114    688
115    605
116    523
117    465
118    403
119    337
120    293
121    276
122    222
123    153
124    152
125    135
126    99
127    76
128    51
129    50
130    26
131    33
132    22
133    48
