61    15
62    3
63    5
64    8
65    3
66    10
67    11
68    17
69    15
70    13
71    15
72    30
73    34
74    46
75    39
76    46
77    64
78    63
79    67
80    80
81    90
82    104
83    99
84    109
85    117
86    134
87    150
88    177
89    187
90    198
91    215
92    224
93    226
94    230
95    248
96    273
97    261
98    263
99    260
100    258
101    273
102    251
103    264
104    270
105    236
106    246
107    231
108    235
109    205
110    197
111    187
112    212
113    154
114    150
115    140
116    126
117    107
118    106
119    101
120    92
121    61
122    52
123    64
124    56
125    46
126    29
127    31
128    21
129    25
130    18
131    23
132    16
133    9
134    10
135    9
136    4
137    7
138    2
139    17
