67    2
68    3
69    0
70    1
71    3
72    2
73    3
74    4
75    7
76    9
77    6
78    11
79    11
80    19
81    26
82    17
83    17
84    38
85    43
86    45
87    37
88    57
89    51
90    60
91    60
92    68
93    94
94    66
95    96
96    72
97    98
98    85
99    99
100    101
101    76
102    103
103    98
104    85
105    102
106    93
107    91
108    79
109    52
110    57
111    61
112    45
113    55
114    44
115    32
116    26
117    39
118    35
119    29
120    19
121    12
122    13
123    12
124    10
125    6
126    5
127    2
128    4
129    2
130    1
131    2
132    1
133    4
