67    14
68    2
69    6
70    8
71    9
72    9
73    15
74    17
75    17
76    24
77    24
78    31
79    42
80    63
81    69
82    59
83    62
84    78
85    107
86    107
87    110
88    138
89    174
90    172
91    181
92    165
93    215
94    199
95    238
96    261
97    257
98    245
99    279
100    288
101    232
102    281
103    253
104    233
105    259
106    252
107    205
108    222
109    217
110    174
111    172
112    156
113    126
114    126
115    137
116    103
117    84
118    72
119    64
120    64
121    48
122    42
123    27
124    27
125    23
126    17
127    8
128    16
129    12
130    1
131    7
132    6
133    18
