67    7
68    0
69    2
70    2
71    5
72    4
73    9
74    10
75    9
76    18
77    24
78    15
79    35
80    28
81    36
82    45
83    50
84    55
85    51
86    70
87    73
88    75
89    100
90    123
91    125
92    130
93    130
94    131
95    148
96    163
97    161
98    178
99    167
100    178
101    164
102    165
103    158
104    173
105    166
106    153
107    143
108    136
109    89
110    129
111    122
112    87
113    82
114    90
115    59
116    77
117    53
118    46
119    44
120    31
121    36
122    25
123    26
124    17
125    14
126    11
127    8
128    5
129    6
130    5
131    3
132    3
133    11
