73    18
74    10
75    8
76    15
77    14
78    27
79    28
80    32
81    54
82    51
83    68
84    76
85    98
86    125
87    154
88    203
89    201
90    252
91    225
92    298
93    318
94    349
95    398
96    435
97    440
98    449
99    492
100    481
101    503
102    493
103    432
104    448
105    398
106    372
107    354
108    328
109    315
110    274
111    252
112    223
113    195
114    177
115    123
116    109
117    97
118    58
119    64
120    50
121    43
122    29
123    22
124    15
125    7
126    6
127    21
