58    19
59    2
60    13
61    5
62    6
63    3
64    6
65    15
66    22
67    26
68    22
69    28
70    28
71    32
72    29
73    38
74    71
75    53
76    80
77    104
78    109
79    94
80    121
81    142
82    166
83    159
84    188
85    183
86    194
87    222
88    230
89    281
90    273
91    284
92    309
93    324
94    311
95    351
96    367
97    355
98    390
99    408
100    360
101    358
102    346
103    402
104    352
105    384
106    384
107    330
108    307
109    312
110    321
111    260
112    277
113    259
114    259
115    194
116    192
117    162
118    188
119    159
120    128
121    125
122    111
123    115
124    80
125    84
126    77
127    76
128    57
129    45
130    40
131    41
132    27
133    28
134    24
135    11
136    22
137    18
138    10
139    8
140    7
141    8
142    25
