70    1
71    0
72    1
73    0
74    3
75    0
76    2
77    3
78    6
79    5
80    5
81    6
82    14
83    9
84    14
85    7
86    17
87    17
88    21
89    30
90    23
91    28
92    28
93    38
94    48
95    41
96    47
97    48
98    44
99    41
100    57
101    48
102    61
103    59
104    57
105    47
106    46
107    40
108    46
109    42
110    33
111    28
112    32
113    21
114    25
115    24
116    19
117    21
118    8
119    6
120    9
121    2
122    7
123    4
124    4
125    3
126    2
127    0
128    1
129    0
130    4
