67    49
68    29
69    33
70    39
71    31
72    53
73    82
74    97
75    102
76    155
77    180
78    196
79    242
80    257
81    330
82    380
83    419
84    520
85    605
86    658
87    768
88    819
89    917
90    950
91    1035
92    1154
93    1304
94    1317
95    1405
96    1413
97    1503
98    1533
99    1538
100    1513
101    1568
102    1524
103    1555
104    1505
105    1415
106    1398
107    1396
108    1294
109    1158
110    1033
111    1045
112    905
113    777
114    746
115    693
116    602
117    519
118    432
119    404
120    344
121    268
122    280
123    189
124    164
125    133
126    100
127    80
128    66
129    36
130    51
131    39
132    27
133    82
