73    5
74    0
75    4
76    2
77    4
78    5
79    6
80    9
81    5
82    17
83    25
84    34
85    22
86    38
87    51
88    61
89    53
90    83
91    80
92    92
93    86
94    97
95    130
96    114
97    124
98    120
99    145
100    154
101    128
102    131
103    125
104    119
105    130
106    107
107    104
108    89
109    84
110    70
111    75
112    53
113    54
114    44
115    51
116    27
117    22
118    25
119    13
120    9
121    10
122    8
123    8
124    2
125    6
126    1
127    4
