58    19
59    5
60    8
61    7
62    7
63    8
64    11
65    22
66    17
67    18
68    27
69    30
70    33
71    48
72    43
73    45
74    73
75    80
76    93
77    89
78    101
79    99
80    130
81    158
82    142
83    163
84    199
85    226
86    205
87    251
88    237
89    293
90    301
91    318
92    303
93    340
94    338
95    360
96    391
97    364
98    411
99    368
100    341
101    381
102    444
103    383
104    380
105    375
106    367
107    338
108    337
109    303
110    324
111    311
112    272
113    249
114    221
115    221
116    226
117    196
118    181
119    148
120    139
121    142
122    114
123    109
124    109
125    83
126    84
127    64
128    54
129    54
130    54
131    30
132    32
133    35
134    14
135    13
136    16
137    20
138    9
139    8
140    6
141    3
142    29
