67    50
68    14
69    20
70    26
71    30
72    51
73    45
74    62
75    90
76    87
77    113
78    165
79    169
80    222
81    260
82    319
83    370
84    368
85    439
86    529
87    593
88    696
89    725
90    789
91    904
92    880
93    1021
94    1059
95    1092
96    1127
97    1204
98    1270
99    1232
100    1322
101    1319
102    1248
103    1203
104    1148
105    1152
106    1159
107    1048
108    1016
109    924
110    863
111    804
112    749
113    668
114    597
115    490
116    469
117    388
118    381
119    282
120    260
121    231
122    182
123    175
124    137
125    107
126    96
127    71
128    48
129    44
130    36
131    27
132    21
133    77
