73    7
74    7
75    7
76    4
77    10
78    19
79    10
80    23
81    36
82    39
83    38
84    52
85    57
86    90
87    89
88    110
89    137
90    146
91    189
92    194
93    206
94    257
95    271
96    303
97    297
98    277
99    333
100    317
101    329
102    300
103    289
104    274
105    271
106    253
107    248
108    223
109    202
110    192
111    178
112    148
113    132
114    83
115    89
116    72
117    44
118    42
119    25
120    25
121    16
122    19
123    20
124    11
125    7
126    7
127    14
