70    18
71    4
72    10
73    9
74    13
75    25
76    29
77    29
78    31
79    37
80    77
81    61
82    94
83    104
84    112
85    158
86    160
87    198
88    208
89    245
90    284
91    304
92    326
93    365
94    368
95    422
96    391
97    469
98    443
99    492
100    452
101    470
102    477
103    447
104    476
105    437
106    411
107    402
108    382
109    308
110    312
111    267
112    246
113    210
114    209
115    153
116    149
117    114
118    123
119    76
120    60
121    51
122    51
123    36
124    32
125    14
126    20
127    14
128    14
129    7
130    18
