67    15
68    6
69    7
70    10
71    18
72    18
73    28
74    23
75    23
76    47
77    56
78    73
79    61
80    113
81    94
82    116
83    130
84    149
85    191
86    222
87    232
88    247
89    263
90    303
91    356
92    357
93    378
94    400
95    434
96    452
97    452
98    454
99    466
100    478
101    471
102    523
103    479
104    465
105    448
106    444
107    428
108    412
109    338
110    300
111    290
112    275
113    264
114    246
115    185
116    169
117    173
118    148
119    149
120    97
121    84
122    59
123    58
124    43
125    41
126    36
127    29
128    20
129    19
130    16
131    13
132    11
133    22
