67    22
68    4
69    7
70    10
71    14
72    14
73    17
74    27
75    31
76    54
77    52
78    55
79    74
80    74
81    120
82    123
83    153
84    150
85    222
86    202
87    235
88    281
89    280
90    335
91    373
92    388
93    406
94    464
95    460
96    493
97    469
98    500
99    485
100    497
101    475
102    495
103    486
104    495
105    426
106    433
107    439
108    394
109    378
110    345
111    317
112    315
113    277
114    239
115    199
116    202
117    157
118    142
119    123
120    133
121    112
122    74
123    57
124    52
125    51
126    29
127    32
128    21
129    19
130    15
131    8
132    15
133    30
