67    3
68    4
69    1
70    2
71    5
72    5
73    13
74    14
75    11
76    11
77    21
78    23
79    30
80    32
81    40
82    60
83    54
84    57
85    74
86    77
87    84
88    96
89    96
90    131
91    116
92    162
93    152
94    152
95    183
96    157
97    186
98    190
99    198
100    183
101    200
102    198
103    208
104    169
105    181
106    188
107    170
108    156
109    136
110    149
111    114
112    95
113    93
114    89
115    101
116    65
117    61
118    56
119    50
120    35
121    32
122    33
123    14
124    14
125    11
126    11
127    12
128    6
129    5
130    4
131    5
132    5
133    10
