58    19
59    1
60    5
61    8
62    7
63    9
64    10
65    9
66    22
67    13
68    33
69    35
70    29
71    46
72    42
73    52
74    63
75    69
76    75
77    89
78    99
79    112
80    132
81    141
82    171
83    196
84    205
85    237
86    215
87    235
88    246
89    271
90    268
91    315
92    317
93    328
94    340
95    371
96    356
97    389
98    356
99    373
100    382
101    385
102    357
103    354
104    366
105    366
106    322
107    307
108    329
109    312
110    317
111    279
112    275
113    266
114    243
115    240
116    210
117    180
118    164
119    165
120    129
121    124
122    107
123    95
124    97
125    87
126    62
127    55
128    63
129    45
130    42
131    29
132    41
133    21
134    25
135    15
136    12
137    13
138    8
139    9
140    11
141    7
142    24
