70    17
71    2
72    5
73    6
74    7
75    16
76    17
77    26
78    29
79    45
80    41
81    64
82    72
83    69
84    93
85    98
86    138
87    139
88    171
89    204
90    203
91    215
92    255
93    274
94    320
95    302
96    345
97    347
98    369
99    369
100    350
101    339
102    364
103    338
104    342
105    365
106    303
107    306
108    294
109    236
110    278
111    227
112    202
113    166
114    151
115    117
116    97
117    105
118    84
119    60
120    51
121    43
122    27
123    24
124    24
125    13
126    7
127    8
128    9
129    7
130    17
