70    59
71    26
72    20
73    48
74    56
75    66
76    88
77    105
78    158
79    164
80    239
81    279
82    324
83    351
84    483
85    576
86    640
87    777
88    863
89    1019
90    1047
91    1168
92    1280
93    1488
94    1491
95    1600
96    1760
97    1790
98    1864
99    1899
100    1912
101    1892
102    1838
103    1747
104    1671
105    1692
106    1625
107    1446
108    1411
109    1272
110    1204
111    1013
112    975
113    874
114    754
115    665
116    582
117    519
118    432
119    327
120    275
121    230
122    190
123    136
124    120
125    100
126    77
127    54
128    51
129    28
130    81
