64    42
65    11
66    20
67    16
68    35
69    30
70    34
71    51
72    59
73    73
74    99
75    102
76    139
77    155
78    179
79    195
80    248
81    252
82    299
83    325
84    407
85    416
86    468
87    559
88    584
89    651
90    727
91    717
92    754
93    820
94    872
95    930
96    945
97    1005
98    1037
99    1029
100    1022
101    1059
102    1037
103    985
104    960
105    943
106    913
107    876
108    838
109    724
110    678
111    686
112    629
113    610
114    530
115    482
116    424
117    369
118    344
119    281
120    295
121    236
122    221
123    171
124    145
125    125
126    97
127    90
128    71
129    68
130    41
131    37
132    26
133    28
134    21
135    15
136    55
