73    4
74    2
75    2
76    2
77    6
78    5
79    4
80    12
81    12
82    15
83    19
84    13
85    29
86    32
87    42
88    46
89    51
90    60
91    73
92    83
93    83
94    100
95    78
96    108
97    108
98    109
99    105
100    113
101    113
102    114
103    101
104    90
105    103
106    98
107    86
108    74
109    76
110    80
111    57
112    71
113    45
114    34
115    32
116    28
117    20
118    18
119    6
120    11
121    10
122    11
123    4
124    2
125    4
126    0
127    10
