64    9
65    4
66    2
67    5
68    4
69    8
70    7
71    12
72    7
73    10
74    23
75    19
76    19
77    23
78    37
79    41
80    63
81    54
82    46
83    64
84    76
85    99
86    95
87    104
88    107
89    139
90    134
91    145
92    147
93    163
94    176
95    183
96    185
97    178
98    191
99    215
100    220
101    200
102    214
103    222
104    196
105    192
106    180
107    152
108    149
109    157
110    149
111    153
112    114
113    106
114    81
115    87
116    93
117    64
118    64
119    52
120    52
121    47
122    32
123    45
124    28
125    17
126    23
127    13
128    13
129    10
130    19
131    7
132    6
133    3
134    6
135    3
136    4
