70    5
71    3
72    4
73    8
74    8
75    13
76    16
77    18
78    25
79    45
80    33
81    49
82    52
83    74
84    79
85    86
86    106
87    139
88    151
89    167
90    161
91    202
92    207
93    237
94    227
95    272
96    274
97    257
98    291
99    287
100    326
101    274
102    300
103    282
104    271
105    222
106    266
107    252
108    225
109    225
110    188
111    164
112    143
113    106
114    116
115    110
116    95
117    93
118    58
119    48
120    44
121    30
122    31
123    22
124    21
125    13
126    8
127    10
128    3
129    5
130    12
