67    5
68    1
69    4
70    5
71    8
72    7
73    5
74    11
75    10
76    18
77    19
78    25
79    34
80    45
81    34
82    61
83    56
84    71
85    63
86    102
87    85
88    108
89    117
90    152
91    148
92    160
93    169
94    198
95    182
96    222
97    195
98    229
99    239
100    207
101    194
102    250
103    216
104    223
105    228
106    189
107    196
108    187
109    165
110    166
111    154
112    125
113    120
114    108
115    95
116    90
117    69
118    71
119    50
120    38
121    32
122    36
123    28
124    16
125    16
126    18
127    17
128    12
129    9
130    4
131    3
132    4
133    6
