64    8
65    1
66    3
67    3
68    2
69    4
70    7
71    4
72    9
73    8
74    11
75    17
76    29
77    21
78    23
79    43
80    42
81    28
82    39
83    65
84    58
85    66
86    54
87    65
88    92
89    101
90    103
91    126
92    132
93    112
94    126
95    129
96    162
97    154
98    162
99    133
100    158
101    168
102    183
103    154
104    165
105    126
106    133
107    155
108    110
109    120
110    118
111    94
112    88
113    87
114    77
115    69
116    61
117    62
118    48
119    54
120    32
121    30
122    27
123    34
124    26
125    14
126    9
127    13
128    5
129    5
130    11
131    7
132    1
133    5
134    1
135    1
136    4
