67    10
68    2
69    2
70    6
71    3
72    13
73    8
74    21
75    13
76    24
77    33
78    22
79    42
80    39
81    34
82    60
83    72
84    73
85    74
86    84
87    92
88    118
89    127
90    157
91    164
92    153
93    168
94    207
95    218
96    209
97    253
98    203
99    200
100    198
101    203
102    216
103    192
104    222
105    213
106    166
107    184
108    198
109    151
110    157
111    145
112    135
113    105
114    104
115    93
116    90
117    54
118    57
119    47
120    38
121    29
122    32
123    21
124    23
125    17
126    11
127    8
128    10
129    7
130    4
131    4
132    0
133    6
