58    29
59    4
60    15
61    14
62    12
63    19
64    26
65    19
66    25
67    37
68    43
69    45
70    58
71    56
72    84
73    85
74    99
75    132
76    137
77    162
78    183
79    186
80    229
81    238
82    260
83    269
84    322
85    335
86    381
87    410
88    449
89    459
90    446
91    529
92    485
93    574
94    533
95    578
96    561
97    609
98    597
99    633
100    651
101    608
102    579
103    571
104    567
105    566
106    586
107    557
108    533
109    553
110    501
111    465
112    442
113    429
114    368
115    342
116    325
117    299
118    294
119    269
120    227
121    173
122    211
123    171
124    150
125    128
126    101
127    97
128    91
129    88
130    64
131    48
132    52
133    55
134    39
135    23
136    25
137    33
138    9
139    12
140    14
141    10
142    34
