58    23
59    4
60    2
61    10
62    9
63    16
64    10
65    21
66    22
67    29
68    26
69    37
70    30
71    51
72    60
73    68
74    75
75    75
76    94
77    86
78    133
79    120
80    143
81    160
82    182
83    226
84    216
85    227
86    260
87    255
88    299
89    310
90    323
91    319
92    327
93    356
94    387
95    387
96    411
97    405
98    368
99    431
100    380
101    432
102    385
103    423
104    438
105    397
106    347
107    382
108    368
109    335
110    328
111    306
112    310
113    295
114    279
115    273
116    220
117    178
118    193
119    189
120    155
121    146
122    130
123    125
124    105
125    104
126    69
127    71
128    53
129    38
130    52
131    44
132    38
133    34
134    19
135    20
136    18
137    14
138    12
139    13
140    8
141    7
142    13
