70    3
71    1
72    2
73    2
74    2
75    2
76    4
77    3
78    9
79    11
80    7
81    5
82    10
83    11
84    7
85    18
86    29
87    25
88    46
89    40
90    45
91    42
92    54
93    44
94    52
95    73
96    61
97    59
98    70
99    60
100    73
101    69
102    69
103    64
104    62
105    71
106    57
107    56
108    49
109    59
110    38
111    31
112    38
113    25
114    29
115    28
116    27
117    14
118    11
119    12
120    7
121    11
122    10
123    6
124    9
125    4
126    1
127    3
128    2
129    0
130    5
