67    6
68    1
69    2
70    3
71    3
72    5
73    4
74    7
75    10
76    14
77    17
78    13
79    19
80    18
81    21
82    26
83    34
84    37
85    43
86    45
87    47
88    71
89    59
90    69
91    77
92    100
93    81
94    88
95    97
96    93
97    91
98    93
99    113
100    112
101    131
102    121
103    95
104    101
105    100
106    85
107    97
108    93
109    74
110    79
111    68
112    66
113    55
114    58
115    45
116    33
117    45
118    32
119    22
120    22
121    20
122    10
123    18
124    9
125    7
126    3
127    5
128    0
129    1
130    2
131    2
132    1
133    3
