67    19
68    2
69    8
70    10
71    11
72    10
73    18
74    21
75    25
76    33
77    41
78    48
79    53
80    59
81    58
82    90
83    104
84    104
85    152
86    156
87    172
88    225
89    228
90    233
91    294
92    256
93    300
94    339
95    319
96    366
97    365
98    387
99    390
100    395
101    402
102    357
103    397
104    354
105    350
106    345
107    331
108    325
109    287
110    270
111    236
112    215
113    202
114    169
115    176
116    125
117    131
118    101
119    99
120    69
121    53
122    56
123    55
124    37
125    24
126    19
127    23
128    20
129    15
130    11
131    12
132    6
133    15
