73    11
74    5
75    5
76    10
77    8
78    24
79    27
80    31
81    33
82    61
83    58
84    93
85    100
86    101
87    112
88    171
89    164
90    238
91    189
92    248
93    273
94    299
95    350
96    342
97    369
98    388
99    412
100    377
101    373
102    406
103    351
104    376
105    350
106    319
107    303
108    281
109    252
110    244
111    189
112    204
113    139
114    114
115    111
116    91
117    82
118    70
119    52
120    32
121    31
122    17
123    17
124    17
125    6
126    6
127    19
