61    2
62    1
63    0
64    1
65    2
66    3
67    3
68    0
69    9
70    4
71    6
72    7
73    5
74    10
75    6
76    12
77    11
78    18
79    19
80    20
81    24
82    23
83    29
84    27
85    25
86    36
87    38
88    41
89    41
90    51
91    44
92    52
93    64
94    54
95    73
96    55
97    65
98    45
99    54
100    59
101    69
102    66
103    58
104    66
105    74
106    56
107    66
108    54
109    61
110    48
111    48
112    41
113    31
114    31
115    25
116    28
117    41
118    26
119    17
120    12
121    20
122    18
123    15
124    8
125    13
126    14
127    6
128    4
129    5
130    6
131    8
132    2
133    1
134    1
135    3
136    3
137    3
138    1
139    3
