73    2
74    3
75    8
76    8
77    8
78    10
79    8
80    18
81    24
82    25
83    32
84    33
85    51
86    61
87    65
88    77
89    85
90    102
91    120
92    130
93    143
94    144
95    174
96    207
97    210
98    185
99    204
100    201
101    173
102    218
103    211
104    198
105    195
106    172
107    141
108    147
109    130
110    99
111    107
112    97
113    86
114    73
115    66
116    53
117    31
118    37
119    25
120    27
121    17
122    11
123    6
124    14
125    5
126    4
127    13
