67    11
68    2
69    6
70    8
71    6
72    13
73    13
74    15
75    18
76    19
77    33
78    33
79    39
80    45
81    60
82    62
83    84
84    88
85    95
86    125
87    119
88    161
89    171
90    171
91    197
92    220
93    214
94    246
95    258
96    251
97    250
98    275
99    288
100    272
101    263
102    271
103    276
104    238
105    235
106    249
107    240
108    222
109    212
110    192
111    198
112    149
113    147
114    125
115    99
116    107
117    93
118    80
119    73
120    54
121    50
122    37
123    31
124    30
125    30
126    23
127    16
128    14
129    11
130    7
131    7
132    2
133    13
