67    25
68    8
69    17
70    18
71    17
72    20
73    30
74    41
75    56
76    57
77    68
78    98
79    122
80    141
81    157
82    197
83    230
84    250
85    279
86    345
87    373
88    401
89    453
90    504
91    532
92    588
93    630
94    643
95    724
96    684
97    752
98    754
99    856
100    811
101    757
102    821
103    768
104    766
105    738
106    661
107    651
108    644
109    544
110    540
111    512
112    430
113    393
114    392
115    357
116    289
117    268
118    228
119    188
120    176
121    134
122    115
123    97
124    76
125    65
126    47
127    36
128    25
129    31
130    23
131    25
132    12
133    37
