58    17
59    4
60    3
61    7
62    5
63    7
64    11
65    6
66    14
67    17
68    19
69    21
70    14
71    40
72    31
73    43
74    35
75    48
76    48
77    65
78    58
79    77
80    67
81    97
82    111
83    106
84    126
85    132
86    154
87    154
88    150
89    176
90    142
91    168
92    199
93    211
94    208
95    230
96    217
97    248
98    237
99    260
100    248
101    240
102    216
103    243
104    224
105    229
106    222
107    236
108    217
109    207
110    188
111    200
112    174
113    139
114    133
115    121
116    150
117    110
118    111
119    102
120    85
121    93
122    81
123    58
124    56
125    63
126    48
127    42
128    41
129    33
130    20
131    16
132    22
133    21
134    11
135    11
136    6
137    10
138    10
139    5
140    4
141    4
142    13
