58    12
59    3
60    3
61    3
62    6
63    8
64    15
65    13
66    11
67    13
68    14
69    24
70    25
71    26
72    36
73    36
74    56
75    40
76    49
77    60
78    66
79    78
80    96
81    92
82    98
83    138
84    106
85    149
86    133
87    160
88    165
89    164
90    192
91    194
92    202
93    209
94    234
95    214
96    252
97    240
98    267
99    258
100    220
101    243
102    270
103    226
104    256
105    238
106    213
107    233
108    220
109    213
110    241
111    204
112    201
113    174
114    162
115    172
116    145
117    130
118    126
119    116
120    103
121    95
122    64
123    78
124    75
125    52
126    56
127    35
128    36
129    28
130    22
131    14
132    26
133    13
134    14
135    14
136    8
137    5
138    14
139    13
140    2
141    5
142    16
