73    14
74    5
75    8
76    10
77    12
78    14
79    17
80    25
81    35
82    43
83    41
84    52
85    58
86    69
87    102
88    123
89    156
90    184
91    211
92    212
93    249
94    233
95    254
96    283
97    288
98    303
99    337
100    332
101    343
102    327
103    338
104    338
105    309
106    261
107    264
108    243
109    225
110    172
111    147
112    153
113    117
114    106
115    100
116    71
117    64
118    37
119    26
120    40
121    29
122    22
123    19
124    10
125    5
126    7
127    16
