61    20
62    4
63    8
64    6
65    6
66    10
67    9
68    14
69    15
70    23
71    20
72    17
73    25
74    40
75    61
76    43
77    65
78    69
79    83
80    86
81    124
82    127
83    113
84    137
85    157
86    187
87    193
88    183
89    228
90    192
91    221
92    260
93    263
94    265
95    286
96    286
97    260
98    275
99    314
100    322
101    256
102    289
103    323
104    300
105    274
106    268
107    256
108    241
109    230
110    240
111    221
112    204
113    223
114    174
115    166
116    158
117    129
118    134
119    99
120    96
121    83
122    82
123    42
124    56
125    53
126    38
127    43
128    22
129    19
130    25
131    14
132    13
133    10
134    9
135    10
136    7
137    2
138    5
139    23
