61    13
62    7
63    3
64    4
65    14
66    7
67    28
68    12
69    16
70    24
71    25
72    34
73    30
74    54
75    58
76    64
77    70
78    79
79    90
80    91
81    115
82    134
83    147
84    164
85    219
86    182
87    232
88    233
89    256
90    245
91    264
92    323
93    320
94    360
95    359
96    350
97    347
98    360
99    371
100    346
101    388
102    368
103    375
104    348
105    351
106    339
107    340
108    292
109    303
110    279
111    265
112    248
113    225
114    206
115    197
116    172
117    151
118    169
119    128
120    117
121    106
122    103
123    79
124    78
125    67
126    48
127    37
128    61
129    39
130    27
131    27
132    21
133    10
134    16
135    9
136    10
137    5
138    9
139    26
