58    2
59    0
60    0
61    1
62    2
63    1
64    3
65    5
66    0
67    4
68    7
69    5
70    3
71    4
72    10
73    16
74    16
75    15
76    15
77    24
78    21
79    30
80    35
81    43
82    27
83    36
84    41
85    40
86    49
87    44
88    44
89    61
90    54
91    69
92    68
93    68
94    73
95    79
96    93
97    89
98    79
99    59
100    71
101    69
102    69
103    83
104    89
105    63
106    70
107    79
108    67
109    66
110    56
111    64
112    60
113    59
114    53
115    69
116    37
117    33
118    30
119    33
120    34
121    38
122    24
123    23
124    18
125    13
126    12
127    14
128    16
129    9
130    11
131    8
132    5
133    6
134    5
135    3
136    7
137    5
138    0
139    2
140    2
141    1
142    4
