70    10
71    4
72    5
73    4
74    7
75    7
76    16
77    25
78    31
79    30
80    42
81    40
82    55
83    72
84    98
85    100
86    104
87    120
88    149
89    156
90    185
91    243
92    239
93    268
94    282
95    285
96    289
97    315
98    332
99    321
100    350
101    346
102    338
103    333
104    324
105    332
106    264
107    289
108    285
109    228
110    232
111    204
112    152
113    148
114    125
115    133
116    98
117    72
118    70
119    67
120    47
121    41
122    26
123    28
124    23
125    9
126    13
127    10
128    8
129    5
130    15
