61    15
62    6
63    4
64    9
65    9
66    14
67    14
68    12
69    25
70    26
71    30
72    38
73    47
74    44
75    59
76    72
77    70
78    77
79    88
80    98
81    138
82    120
83    159
84    178
85    202
86    187
87    221
88    219
89    227
90    271
91    277
92    307
93    322
94    358
95    341
96    331
97    379
98    369
99    414
100    367
101    375
102    383
103    398
104    363
105    335
106    353
107    331
108    312
109    289
110    286
111    322
112    244
113    219
114    223
115    208
116    197
117    168
118    159
119    91
120    118
121    116
122    96
123    75
124    70
125    66
126    47
127    56
128    32
129    37
130    25
131    17
132    22
133    12
134    11
135    11
136    16
137    5
138    6
139    22
