58    18
59    7
60    6
61    8
62    8
63    9
64    9
65    6
66    13
67    15
68    20
69    27
70    17
71    35
72    36
73    31
74    39
75    57
76    58
77    47
78    63
79    89
80    91
81    119
82    94
83    118
84    122
85    136
86    151
87    161
88    184
89    184
90    195
91    226
92    197
93    247
94    229
95    239
96    243
97    229
98    271
99    234
100    272
101    262
102    278
103    261
104    255
105    244
106    267
107    249
108    230
109    238
110    209
111    193
112    197
113    209
114    186
115    175
116    167
117    142
118    112
119    94
120    112
121    94
122    81
123    80
124    63
125    68
126    52
127    46
128    35
129    29
130    33
131    33
132    29
133    20
134    11
135    8
136    8
137    11
138    11
139    7
140    3
141    5
142    21
