61    18
62    5
63    3
64    3
65    9
66    12
67    16
68    13
69    14
70    31
71    30
72    40
73    40
74    47
75    54
76    71
77    78
78    86
79    94
80    102
81    145
82    150
83    159
84    167
85    189
86    219
87    234
88    254
89    274
90    293
91    289
92    313
93    331
94    318
95    379
96    400
97    410
98    404
99    399
100    372
101    386
102    413
103    347
104    389
105    392
106    374
107    341
108    331
109    325
110    288
111    288
112    278
113    233
114    209
115    194
116    204
117    161
118    163
119    167
120    136
121    112
122    110
123    92
124    80
125    61
126    49
127    54
128    55
129    33
130    27
131    25
132    27
133    16
134    20
135    8
136    9
137    7
138    6
139    22
