73    15
74    10
75    9
76    16
77    17
78    29
79    35
80    45
81    60
82    81
83    113
84    130
85    140
86    184
87    211
88    215
89    281
90    352
91    375
92    347
93    375
94    501
95    555
96    532
97    581
98    546
99    628
100    608
101    686
102    628
103    592
104    625
105    550
106    512
107    463
108    444
109    394
110    360
111    303
112    257
113    241
114    202
115    178
116    147
117    117
118    95
119    71
120    61
121    33
122    41
123    28
124    19
125    9
126    11
127    18
