64    30
65    6
66    9
67    8
68    19
69    29
70    35
71    33
72    57
73    56
74    86
75    92
76    103
77    141
78    150
79    171
80    220
81    224
82    219
83    319
84    335
85    338
86    404
87    429
88    490
89    558
90    575
91    686
92    681
93    723
94    691
95    822
96    809
97    840
98    856
99    858
100    858
101    929
102    835
103    827
104    795
105    802
106    766
107    718
108    726
109    710
110    669
111    602
112    584
113    521
114    464
115    408
116    357
117    332
118    309
119    274
120    219
121    213
122    152
123    148
124    131
125    90
126    107
127    76
128    67
129    43
130    41
131    37
132    26
133    32
134    15
135    18
136    69
