73    4
74    4
75    10
76    7
77    14
78    16
79    22
80    39
81    39
82    41
83    56
84    89
85    104
86    109
87    143
88    154
89    170
90    178
91    233
92    255
93    307
94    361
95    346
96    388
97    356
98    396
99    409
100    437
101    408
102    412
103    390
104    369
105    382
106    336
107    311
108    284
109    268
110    265
111    222
112    179
113    171
114    145
115    95
116    94
117    89
118    63
119    58
120    45
121    24
122    22
123    18
124    11
125    10
126    4
127    22
