73    0
74    0
75    3
76    0
77    0
78    2
79    3
80    6
81    6
82    9
83    9
84    8
85    15
86    17
87    29
88    18
89    25
90    36
91    32
92    31
93    34
94    45
95    47
96    56
97    58
98    50
99    59
100    49
101    64
102    72
103    66
104    44
105    63
106    56
107    36
108    31
109    32
110    39
111    32
112    28
113    16
114    13
115    11
116    15
117    12
118    10
119    4
120    4
121    2
122    0
123    1
124    3
125    1
126    0
127    1
