58    26
59    4
60    8
61    9
62    9
63    6
64    11
65    10
66    16
67    30
68    26
69    34
70    29
71    35
72    60
73    48
74    66
75    72
76    84
77    101
78    97
79    123
80    137
81    140
82    161
83    160
84    184
85    226
86    201
87    242
88    266
89    292
90    325
91    308
92    327
93    369
94    361
95    372
96    374
97    385
98    372
99    387
100    422
101    414
102    402
103    365
104    354
105    354
106    372
107    335
108    349
109    308
110    313
111    278
112    292
113    285
114    221
115    260
116    222
117    172
118    196
119    155
120    147
121    125
122    123
123    118
124    97
125    114
126    64
127    60
128    46
129    49
130    40
131    46
132    28
133    29
134    30
135    22
136    9
137    14
138    17
139    6
140    7
141    10
142    29
