58    4
59    2
60    1
61    0
62    5
63    3
64    3
65    5
66    7
67    7
68    4
69    4
70    11
71    7
72    9
73    13
74    11
75    9
76    13
77    21
78    23
79    14
80    24
81    34
82    27
83    25
84    29
85    32
86    53
87    46
88    48
89    52
90    63
91    43
92    73
93    63
94    63
95    77
96    68
97    63
98    74
99    70
100    78
101    73
102    80
103    72
104    77
105    77
106    80
107    60
108    76
109    56
110    70
111    61
112    60
113    65
114    50
115    42
116    29
117    34
118    32
119    30
120    29
121    29
122    21
123    15
124    24
125    15
126    17
127    19
128    16
129    8
130    10
131    13
132    5
133    7
134    4
135    2
136    4
137    1
138    1
139    2
140    1
141    0
142    1
