76    24
77    7
78    18
79    38
80    30
81    57
82    84
83    93
84    112
85    170
86    206
87    264
88    323
89    396
90    454
91    521
92    641
93    694
94    769
95    862
96    948
97    1020
98    1061
99    1144
100    1040
101    1097
102    1034
103    1053
104    993
105    932
106    817
107    764
108    665
109    581
110    525
111    462
112    385
113    301
114    254
115    248
116    170
117    132
118    92
119    70
120    56
121    41
122    23
123    12
124    44
