73    4
74    4
75    3
76    2
77    3
78    6
79    3
80    1
81    15
82    6
83    14
84    14
85    33
86    25
87    35
88    40
89    46
90    50
91    52
92    74
93    63
94    55
95    92
96    68
97    84
98    79
99    106
100    102
101    86
102    101
103    93
104    86
105    96
106    77
107    87
108    68
109    77
110    49
111    52
112    39
113    23
114    35
115    29
116    20
117    12
118    15
119    10
120    8
121    11
122    7
123    5
124    0
125    3
126    1
127    3
