61    26
62    3
63    4
64    10
65    16
66    14
67    16
68    29
69    26
70    42
71    34
72    55
73    55
74    82
75    91
76    89
77    113
78    119
79    153
80    177
81    180
82    194
83    265
84    257
85    284
86    320
87    360
88    364
89    393
90    411
91    424
92    433
93    496
94    490
95    513
96    589
97    543
98    574
99    528
100    554
101    604
102    558
103    573
104    561
105    552
106    487
107    500
108    482
109    478
110    452
111    442
112    378
113    378
114    350
115    327
116    286
117    253
118    251
119    215
120    181
121    163
122    145
123    138
124    109
125    95
126    92
127    72
128    56
129    41
130    44
131    44
132    17
133    26
134    22
135    16
136    11
137    9
138    7
139    27
