67    0
68    0
69    1
70    0
71    0
72    2
73    1
74    1
75    2
76    2
77    4
78    7
79    10
80    7
81    6
82    13
83    10
84    13
85    11
86    22
87    10
88    18
89    29
90    26
91    26
92    21
93    23
94    34
95    36
96    35
97    28
98    35
99    32
100    41
101    43
102    46
103    32
104    39
105    35
106    32
107    35
108    30
109    23
110    22
111    16
112    19
113    28
114    32
115    20
116    19
117    10
118    12
119    6
120    11
121    4
122    4
123    5
124    4
125    2
126    1
127    2
128    2
129    1
130    1
131    0
132    1
133    2
