58    21
59    10
60    3
61    7
62    8
63    8
64    13
65    25
66    21
67    20
68    30
69    40
70    44
71    53
72    59
73    68
74    86
75    92
76    100
77    105
78    127
79    139
80    174
81    168
82    198
83    223
84    240
85    221
86    268
87    283
88    300
89    352
90    352
91    381
92    397
93    392
94    415
95    456
96    432
97    432
98    496
99    467
100    482
101    489
102    453
103    470
104    445
105    468
106    424
107    430
108    424
109    390
110    405
111    357
112    328
113    344
114    279
115    267
116    237
117    238
118    241
119    191
120    182
121    159
122    146
123    135
124    124
125    102
126    92
127    100
128    60
129    49
130    77
131    42
132    41
133    29
134    31
135    13
136    21
137    15
138    13
139    9
140    8
141    4
142    42
