67    13
68    3
69    6
70    15
71    13
72    17
73    29
74    20
75    34
76    44
77    48
78    47
79    60
80    76
81    103
82    121
83    151
84    128
85    190
86    187
87    212
88    251
89    268
90    283
91    320
92    362
93    396
94    390
95    412
96    430
97    423
98    446
99    442
100    489
101    462
102    493
103    455
104    459
105    436
106    422
107    387
108    356
109    345
110    343
111    286
112    253
113    244
114    218
115    191
116    176
117    145
118    143
119    99
120    110
121    89
122    69
123    47
124    60
125    38
126    35
127    17
128    17
129    11
130    17
131    10
132    14
133    21
