64    12
65    5
66    6
67    11
68    10
69    13
70    15
71    11
72    14
73    33
74    34
75    40
76    54
77    58
78    65
79    80
80    84
81    106
82    113
83    136
84    150
85    167
86    148
87    188
88    222
89    248
90    280
91    287
92    283
93    303
94    321
95    326
96    363
97    327
98    343
99    348
100    382
101    379
102    393
103    344
104    374
105    339
106    341
107    330
108    274
109    317
110    269
111    265
112    219
113    235
114    198
115    179
116    194
117    142
118    124
119    122
120    93
121    93
122    75
123    59
124    59
125    56
126    39
127    28
128    25
129    26
130    20
131    7
132    11
133    12
134    8
135    8
136    19
