67    0
68    0
69    0
70    0
71    1
72    3
73    3
74    3
75    3
76    3
77    3
78    8
79    10
80    6
81    6
82    18
83    17
84    9
85    23
86    28
87    21
88    25
89    23
90    22
91    31
92    35
93    36
94    45
95    48
96    34
97    45
98    62
99    48
100    48
101    46
102    47
103    46
104    46
105    38
106    45
107    37
108    52
109    26
110    38
111    23
112    26
113    20
114    21
115    18
116    13
117    20
118    10
119    9
120    7
121    6
122    7
123    9
124    6
125    4
126    3
127    5
128    1
129    2
130    1
131    0
132    2
133    2
