58    2
59    1
60    3
61    1
62    3
63    3
64    2
65    2
66    3
67    6
68    5
69    3
70    3
71    7
72    7
73    10
74    10
75    5
76    10
77    12
78    13
79    20
80    17
81    18
82    20
83    26
84    27
85    29
86    30
87    28
88    35
89    42
90    44
91    52
92    38
93    51
94    57
95    49
96    64
97    54
98    49
99    51
100    59
101    55
102    46
103    46
104    53
105    41
106    60
107    50
108    35
109    47
110    37
111    24
112    32
113    39
114    37
115    26
116    31
117    32
118    20
119    25
120    19
121    19
122    18
123    10
124    21
125    17
126    6
127    8
128    9
129    5
130    7
131    9
132    5
133    3
134    3
135    1
136    1
137    3
138    3
139    0
140    1
141    1
142    1
