67    23
68    8
69    7
70    13
71    15
72    23
73    33
74    40
75    31
76    52
77    61
78    72
79    90
80    108
81    130
82    158
83    188
84    221
85    229
86    251
87    273
88    299
89    353
90    393
91    428
92    480
93    424
94    518
95    489
96    532
97    592
98    610
99    561
100    607
101    627
102    600
103    623
104    533
105    543
106    500
107    499
108    463
109    471
110    406
111    399
112    334
113    333
114    271
115    232
116    227
117    195
118    168
119    153
120    124
121    111
122    90
123    83
124    65
125    62
126    31
127    30
128    28
129    21
130    11
131    10
132    9
133    18
