70    1
71    0
72    0
73    3
74    2
75    0
76    5
77    3
78    1
79    4
80    4
81    9
82    10
83    7
84    18
85    14
86    15
87    14
88    21
89    25
90    23
91    26
92    32
93    27
94    35
95    41
96    49
97    45
98    54
99    49
100    35
101    46
102    33
103    39
104    35
105    31
106    36
107    32
108    29
109    21
110    15
111    28
112    23
113    10
114    21
115    11
116    10
117    14
118    5
119    8
120    2
121    6
122    4
123    4
124    2
125    2
126    3
127    1
128    1
129    0
130    1
