58    9
59    4
60    2
61    5
62    3
63    7
64    6
65    10
66    8
67    12
68    7
69    17
70    9
71    12
72    16
73    28
74    36
75    26
76    37
77    31
78    45
79    49
80    52
81    53
82    60
83    73
84    86
85    96
86    91
87    94
88    101
89    102
90    124
91    124
92    150
93    134
94    163
95    158
96    183
97    153
98    147
99    161
100    154
101    147
102    171
103    179
104    161
105    144
106    141
107    158
108    140
109    134
110    125
111    106
112    126
113    99
114    110
115    79
116    75
117    78
118    67
119    61
120    54
121    59
122    54
123    48
124    33
125    47
126    34
127    22
128    19
129    21
130    13
131    13
132    14
133    6
134    13
135    5
136    6
137    3
138    4
139    4
140    5
141    3
142    12
