61    14
62    3
63    5
64    3
65    4
66    6
67    5
68    8
69    15
70    15
71    14
72    18
73    23
74    27
75    24
76    38
77    50
78    54
79    56
80    71
81    86
82    75
83    107
84    98
85    111
86    106
87    142
88    149
89    150
90    195
91    187
92    162
93    208
94    193
95    204
96    241
97    223
98    218
99    232
100    224
101    235
102    214
103    194
104    218
105    228
106    206
107    227
108    198
109    173
110    167
111    181
112    164
113    145
114    126
115    111
116    125
117    101
118    102
119    84
120    62
121    66
122    53
123    54
124    38
125    36
126    37
127    35
128    24
129    33
130    27
131    15
132    13
133    10
134    11
135    9
136    6
137    4
138    3
139    11
