61    13
62    8
63    4
64    14
65    6
66    16
67    15
68    21
69    27
70    29
71    43
72    36
73    60
74    56
75    81
76    86
77    107
78    112
79    116
80    144
81    167
82    205
83    215
84    211
85    262
86    282
87    292
88    324
89    334
90    355
91    386
92    438
93    420
94    482
95    439
96    449
97    520
98    510
99    521
100    533
101    509
102    502
103    565
104    482
105    476
106    449
107    435
108    416
109    419
110    397
111    350
112    338
113    323
114    329
115    282
116    239
117    212
118    193
119    164
120    145
121    146
122    141
123    111
124    104
125    96
126    66
127    63
128    56
129    42
130    36
131    38
132    23
133    20
134    11
135    18
136    11
137    10
138    7
139    19
