70    6
71    4
72    2
73    5
74    5
75    5
76    2
77    9
78    9
79    15
80    17
81    18
82    26
83    28
84    43
85    32
86    34
87    63
88    70
89    56
90    79
91    83
92    104
93    98
94    120
95    123
96    134
97    141
98    163
99    148
100    142
101    166
102    141
103    169
104    142
105    150
106    129
107    116
108    103
109    104
110    106
111    82
112    61
113    76
114    59
115    63
116    56
117    35
118    22
119    27
120    22
121    17
122    11
123    9
124    9
125    9
126    4
127    0
128    3
129    3
130    6
