58    7
59    0
60    1
61    3
62    5
63    0
64    9
65    2
66    9
67    11
68    5
69    5
70    11
71    8
72    12
73    17
74    25
75    17
76    34
77    21
78    31
79    31
80    63
81    65
82    62
83    59
84    71
85    74
86    77
87    86
88    84
89    82
90    96
91    98
92    107
93    116
94    123
95    121
96    130
97    115
98    121
99    116
100    116
101    132
102    129
103    118
104    122
105    131
106    124
107    119
108    111
109    105
110    113
111    122
112    90
113    83
114    62
115    80
116    63
117    62
118    52
119    56
120    46
121    50
122    33
123    35
124    33
125    26
126    25
127    19
128    26
129    20
130    14
131    19
132    10
133    13
134    9
135    6
136    7
137    3
138    6
139    1
140    3
141    0
142    9
