70    4
71    2
72    2
73    3
74    3
75    8
76    10
77    10
78    15
79    17
80    22
81    21
82    28
83    42
84    36
85    55
86    66
87    56
88    95
89    85
90    106
91    109
92    118
93    114
94    129
95    143
96    146
97    145
98    153
99    170
100    170
101    157
102    190
103    160
104    141
105    155
106    146
107    134
108    144
109    128
110    105
111    96
112    82
113    83
114    74
115    53
116    65
117    44
118    40
119    23
120    23
121    30
122    16
123    11
124    10
125    9
126    3
127    3
128    4
129    6
130    5
