64    4
65    1
66    2
67    3
68    4
69    2
70    4
71    3
72    7
73    7
74    9
75    7
76    5
77    20
78    16
79    14
80    19
81    23
82    26
83    27
84    30
85    34
86    41
87    45
88    50
89    46
90    61
91    58
92    66
93    78
94    75
95    84
96    84
97    97
98    88
99    94
100    84
101    104
102    76
103    88
104    91
105    78
106    73
107    69
108    80
109    60
110    57
111    55
112    60
113    64
114    37
115    34
116    29
117    42
118    30
119    19
120    21
121    27
122    21
123    10
124    18
125    8
126    10
127    3
128    3
129    4
130    7
131    6
132    2
133    1
134    1
135    2
136    6
