73    71
74    22
75    49
76    57
77    68
78    89
79    117
80    146
81    212
82    278
83    296
84    391
85    453
86    545
87    693
88    816
89    902
90    1014
91    1237
92    1355
93    1472
94    1598
95    1724
96    1858
97    1933
98    2080
99    2028
100    2098
101    2030
102    1976
103    2022
104    1848
105    1865
106    1710
107    1596
108    1476
109    1298
110    1214
111    1077
112    916
113    797
114    648
115    600
116    463
117    402
118    335
119    257
120    184
121    159
122    111
123    107
124    52
125    47
126    36
127    93
