58    1
59    0
60    0
61    0
62    1
63    1
64    2
65    0
66    1
67    1
68    1
69    1
70    1
71    1
72    2
73    1
74    2
75    4
76    4
77    6
78    9
79    1
80    6
81    5
82    8
83    8
84    15
85    9
86    8
87    8
88    8
89    15
90    7
91    7
92    10
93    7
94    17
95    13
96    10
97    18
98    17
99    6
100    8
101    21
102    16
103    14
104    9
105    12
106    13
107    16
108    18
109    12
110    13
111    15
112    11
113    8
114    8
115    7
116    11
117    5
118    11
119    5
120    5
121    7
122    4
123    5
124    3
125    5
126    3
127    0
128    1
129    3
130    5
131    1
132    1
133    1
134    0
135    1
136    0
137    1
138    0
139    0
140    1
141    0
142    0
