70    2
71    2
72    2
73    2
74    2
75    5
76    6
77    8
78    10
79    10
80    11
81    19
82    14
83    43
84    30
85    46
86    40
87    39
88    67
89    63
90    69
91    70
92    87
93    104
94    93
95    103
96    98
97    115
98    121
99    130
100    118
101    128
102    111
103    111
104    112
105    94
106    96
107    107
108    80
109    57
110    64
111    69
112    62
113    59
114    46
115    49
116    35
117    34
118    22
119    23
120    22
121    13
122    13
123    15
124    9
125    6
126    3
127    1
128    5
129    2
130    6
