67    10
68    2
69    3
70    3
71    5
72    9
73    11
74    10
75    13
76    13
77    24
78    21
79    36
80    45
81    39
82    53
83    59
84    62
85    100
86    84
87    100
88    125
89    97
90    143
91    155
92    149
93    177
94    198
95    188
96    200
97    191
98    208
99    223
100    211
101    198
102    240
103    209
104    212
105    195
106    186
107    184
108    175
109    163
110    142
111    130
112    168
113    123
114    104
115    75
116    83
117    62
118    53
119    48
120    35
121    40
122    27
123    29
124    20
125    18
126    19
127    11
128    16
129    8
130    9
131    5
132    6
133    7
