70    19
71    10
72    9
73    7
74    18
75    26
76    38
77    34
78    54
79    67
80    70
81    82
82    114
83    119
84    134
85    195
86    196
87    258
88    273
89    330
90    340
91    372
92    411
93    467
94    455
95    530
96    523
97    601
98    572
99    614
100    587
101    582
102    601
103    585
104    582
105    549
106    522
107    489
108    459
109    446
110    358
111    357
112    288
113    284
114    247
115    234
116    185
117    166
118    150
119    102
120    81
121    76
122    62
123    43
124    27
125    24
126    20
127    17
128    10
129    10
130    30
