61    13
62    6
63    8
64    7
65    10
66    12
67    16
68    19
69    17
70    32
71    41
72    42
73    50
74    40
75    54
76    65
77    79
78    101
79    95
80    131
81    146
82    152
83    195
84    175
85    196
86    225
87    242
88    267
89    285
90    269
91    341
92    351
93    389
94    384
95    390
96    425
97    408
98    408
99    399
100    409
101    424
102    450
103    428
104    392
105    426
106    344
107    395
108    348
109    322
110    319
111    336
112    292
113    253
114    238
115    232
116    220
117    201
118    160
119    176
120    122
121    124
122    105
123    78
124    88
125    74
126    48
127    52
128    43
129    27
130    31
131    28
132    19
133    16
134    16
135    14
136    12
137    13
138    8
139    24
