64    19
65    1
66    7
67    5
68    10
69    20
70    12
71    19
72    19
73    26
74    31
75    35
76    45
77    52
78    57
79    79
80    83
81    96
82    119
83    131
84    139
85    130
86    162
87    214
88    211
89    209
90    247
91    233
92    283
93    289
94    327
95    314
96    332
97    363
98    345
99    337
100    357
101    366
102    390
103    365
104    331
105    365
106    308
107    295
108    301
109    248
110    291
111    233
112    223
113    196
114    189
115    155
116    151
117    139
118    109
119    118
120    94
121    85
122    60
123    66
124    60
125    41
126    34
127    36
128    26
129    21
130    13
131    15
132    12
133    8
134    4
135    4
136    17
