76    22
77    10
78    18
79    27
80    21
81    32
82    53
83    75
84    107
85    108
86    129
87    163
88    227
89    260
90    310
91    406
92    440
93    489
94    518
95    635
96    677
97    712
98    731
99    776
100    706
101    805
102    737
103    699
104    711
105    674
106    588
107    572
108    450
109    437
110    389
111    325
112    297
113    206
114    166
115    151
116    118
117    101
118    62
119    55
120    38
121    27
122    28
123    14
124    23
