58    7
59    2
60    2
61    3
62    2
63    4
64    4
65    4
66    6
67    17
68    8
69    6
70    16
71    19
72    17
73    29
74    34
75    31
76    35
77    45
78    46
79    50
80    50
81    58
82    64
83    75
84    111
85    80
86    89
87    89
88    116
89    120
90    138
91    139
92    139
93    130
94    135
95    151
96    157
97    157
98    174
99    143
100    159
101    142
102    156
103    156
104    165
105    167
106    148
107    124
108    130
109    127
110    131
111    111
112    134
113    109
114    91
115    90
116    83
117    68
118    72
119    81
120    44
121    61
122    33
123    44
124    42
125    31
126    40
127    26
128    31
129    24
130    14
131    13
132    7
133    10
134    12
135    12
136    8
137    8
138    6
139    2
140    7
141    0
142    12
