58    10
59    4
60    3
61    5
62    1
63    6
64    8
65    9
66    14
67    10
68    15
69    17
70    16
71    16
72    18
73    27
74    34
75    48
76    50
77    45
78    75
79    65
80    74
81    66
82    74
83    123
84    131
85    97
86    139
87    118
88    129
89    141
90    158
91    177
92    194
93    225
94    173
95    209
96    176
97    202
98    201
99    202
100    196
101    219
102    211
103    215
104    196
105    193
106    209
107    202
108    196
109    189
110    173
111    152
112    157
113    158
114    146
115    113
116    142
117    118
118    98
119    85
120    95
121    72
122    72
123    56
124    49
125    57
126    33
127    33
128    26
129    37
130    20
131    23
132    17
133    21
134    8
135    7
136    6
137    11
138    6
139    9
140    4
141    1
142    19
