67    5
68    2
69    3
70    4
71    4
72    3
73    2
74    11
75    10
76    12
77    17
78    16
79    26
80    28
81    35
82    39
83    37
84    48
85    55
86    76
87    74
88    75
89    82
90    91
91    93
92    121
93    129
94    149
95    154
96    151
97    138
98    147
99    165
100    144
101    148
102    146
103    153
104    136
105    158
106    143
107    127
108    137
109    135
110    115
111    77
112    102
113    77
114    74
115    61
116    72
117    46
118    37
119    38
120    47
121    33
122    30
123    21
124    14
125    14
126    10
127    6
128    7
129    9
130    8
131    7
132    5
133    5
