67    12
68    5
69    2
70    14
71    11
72    15
73    17
74    19
75    22
76    33
77    34
78    39
79    35
80    68
81    63
82    86
83    95
84    105
85    131
86    168
87    156
88    156
89    201
90    192
91    253
92    278
93    249
94    298
95    268
96    312
97    360
98    305
99    315
100    327
101    320
102    356
103    341
104    326
105    319
106    266
107    287
108    277
109    247
110    245
111    206
112    181
113    185
114    147
115    124
116    117
117    97
118    109
119    87
120    91
121    52
122    52
123    32
124    34
125    32
126    19
127    19
128    8
129    17
130    13
131    6
132    4
133    14
