67    4
68    3
69    2
70    2
71    6
72    7
73    7
74    6
75    14
76    15
77    19
78    28
79    29
80    42
81    39
82    46
83    56
84    70
85    64
86    87
87    85
88    120
89    108
90    125
91    148
92    147
93    161
94    177
95    193
96    218
97    190
98    180
99    187
100    209
101    211
102    189
103    208
104    180
105    204
106    179
107    163
108    162
109    154
110    130
111    144
112    110
113    97
114    88
115    94
116    63
117    89
118    68
119    46
120    40
121    39
122    29
123    27
124    24
125    9
126    18
127    14
128    12
129    6
130    17
131    6
132    2
133    15
