70    2
71    4
72    3
73    2
74    0
75    3
76    7
77    4
78    9
79    11
80    17
81    17
82    19
83    29
84    35
85    39
86    41
87    36
88    46
89    57
90    65
91    70
92    89
93    92
94    87
95    103
96    95
97    102
98    100
99    93
100    119
101    115
102    119
103    101
104    107
105    104
106    111
107    80
108    94
109    85
110    75
111    52
112    60
113    53
114    44
115    48
116    32
117    23
118    24
119    16
120    23
121    6
122    12
123    8
124    8
125    2
126    8
127    4
128    1
129    2
130    2
