70    6
71    4
72    3
73    6
74    8
75    6
76    7
77    8
78    21
79    24
80    18
81    21
82    40
83    37
84    45
85    58
86    55
87    67
88    77
89    85
90    113
91    121
92    116
93    140
94    173
95    173
96    158
97    155
98    164
99    176
100    164
101    195
102    174
103    173
104    158
105    143
106    176
107    136
108    136
109    126
110    118
111    120
112    105
113    72
114    66
115    52
116    64
117    63
118    43
119    35
120    25
121    26
122    17
123    10
124    12
125    12
126    11
127    3
128    1
129    2
130    10
