73    3
74    2
75    1
76    1
77    4
78    9
79    7
80    7
81    4
82    15
83    16
84    16
85    26
86    21
87    30
88    34
89    42
90    46
91    40
92    60
93    71
94    73
95    80
96    81
97    88
98    79
99    75
100    74
101    111
102    74
103    76
104    90
105    105
106    79
107    73
108    75
109    54
110    56
111    52
112    47
113    28
114    17
115    29
116    31
117    15
118    25
119    7
120    9
121    10
122    2
123    7
124    2
125    6
126    2
127    4
