61    8
62    1
63    1
64    3
65    4
66    7
67    11
68    8
69    8
70    19
71    13
72    20
73    20
74    31
75    29
76    36
77    40
78    30
79    57
80    65
81    63
82    69
83    77
84    83
85    102
86    114
87    119
88    119
89    150
90    128
91    146
92    158
93    163
94    191
95    166
96    193
97    192
98    224
99    186
100    205
101    207
102    187
103    221
104    215
105    192
106    195
107    189
108    193
109    151
110    146
111    135
112    126
113    120
114    123
115    102
116    98
117    89
118    77
119    87
120    80
121    53
122    62
123    60
124    34
125    41
126    29
127    33
128    18
129    21
130    18
131    10
132    10
133    7
134    4
135    5
136    9
137    3
138    2
139    13
