64    9
65    3
66    4
67    6
68    9
69    4
70    7
71    11
72    18
73    10
74    18
75    17
76    18
77    23
78    23
79    27
80    42
81    47
82    46
83    62
84    67
85    91
86    74
87    91
88    97
89    97
90    132
91    120
92    127
93    126
94    162
95    173
96    165
97    187
98    161
99    193
100    177
101    175
102    185
103    169
104    189
105    156
106    156
107    142
108    135
109    129
110    140
111    105
112    127
113    105
114    100
115    60
116    82
117    67
118    70
119    60
120    46
121    35
122    29
123    27
124    24
125    26
126    24
127    16
128    15
129    15
130    9
131    9
132    6
133    5
134    4
135    5
136    8
