73    13
74    13
75    9
76    7
77    21
78    19
79    35
80    40
81    53
82    57
83    78
84    93
85    120
86    123
87    163
88    219
89    216
90    276
91    291
92    348
93    369
94    436
95    444
96    460
97    479
98    498
99    526
100    592
101    591
102    522
103    494
104    534
105    502
106    473
107    435
108    375
109    368
110    328
111    286
112    237
113    194
114    181
115    157
116    100
117    111
118    93
119    59
120    65
121    40
122    25
123    23
124    25
125    12
126    9
127    23
