64    16
65    6
66    4
67    4
68    10
69    16
70    17
71    34
72    34
73    37
74    40
75    57
76    59
77    81
78    86
79    94
80    116
81    166
82    141
83    181
84    201
85    220
86    253
87    274
88    285
89    326
90    345
91    360
92    386
93    410
94    426
95    435
96    474
97    532
98    473
99    531
100    522
101    515
102    530
103    482
104    502
105    481
106    449
107    410
108    414
109    389
110    352
111    382
112    337
113    291
114    320
115    234
116    225
117    190
118    187
119    150
120    139
121    120
122    88
123    88
124    63
125    71
126    40
127    40
128    43
129    32
130    25
131    17
132    10
133    19
134    6
135    9
136    23
