73    15
74    2
75    6
76    10
77    14
78    15
79    21
80    38
81    36
82    50
83    69
84    83
85    89
86    128
87    119
88    150
89    174
90    211
91    219
92    260
93    290
94    334
95    339
96    343
97    395
98    380
99    400
100    434
101    448
102    380
103    362
104    426
105    327
106    328
107    315
108    272
109    265
110    229
111    209
112    176
113    157
114    133
115    116
116    77
117    94
118    63
119    52
120    45
121    23
122    18
123    13
124    12
125    10
126    5
127    16
