58    16
59    2
60    5
61    7
62    1
63    8
64    13
65    15
66    26
67    13
68    22
69    31
70    34
71    41
72    51
73    55
74    68
75    62
76    67
77    77
78    100
79    104
80    126
81    131
82    145
83    159
84    183
85    195
86    194
87    227
88    213
89    230
90    238
91    266
92    290
93    297
94    333
95    304
96    326
97    373
98    321
99    353
100    381
101    326
102    337
103    370
104    353
105    346
106    331
107    332
108    302
109    292
110    280
111    221
112    254
113    251
114    239
115    203
116    178
117    171
118    147
119    144
120    136
121    124
122    113
123    99
124    83
125    69
126    67
127    69
128    50
129    43
130    33
131    34
132    28
133    20
134    25
135    12
136    10
137    14
138    12
139    11
140    5
141    8
142    15
