61    12
62    6
63    4
64    7
65    3
66    11
67    8
68    12
69    12
70    17
71    21
72    18
73    42
74    34
75    41
76    46
77    57
78    65
79    63
80    62
81    85
82    83
83    103
84    115
85    147
86    133
87    160
88    188
89    193
90    211
91    218
92    225
93    243
94    213
95    244
96    254
97    271
98    260
99    268
100    271
101    267
102    279
103    253
104    275
105    261
106    285
107    233
108    238
109    229
110    215
111    195
112    199
113    178
114    149
115    157
116    136
117    122
118    105
119    94
120    86
121    70
122    73
123    70
124    62
125    60
126    34
127    31
128    40
129    29
130    21
131    14
132    16
133    14
134    6
135    8
136    7
137    2
138    1
139    11
