76    46
77    22
78    38
79    51
80    68
81    92
82    138
83    179
84    215
85    285
86    388
87    441
88    515
89    741
90    758
91    950
92    984
93    1256
94    1271
95    1548
96    1613
97    1733
98    1795
99    1868
100    1923
101    1872
102    1842
103    1688
104    1650
105    1645
106    1505
107    1369
108    1203
109    1041
110    929
111    784
112    637
113    509
114    430
115    371
116    280
117    218
118    181
119    142
120    86
121    74
122    57
123    38
124    67
