61    4
62    2
63    2
64    1
65    4
66    3
67    4
68    12
69    5
70    11
71    8
72    4
73    13
74    17
75    19
76    23
77    26
78    26
79    30
80    35
81    43
82    42
83    47
84    65
85    66
86    63
87    98
88    87
89    89
90    97
91    112
92    114
93    99
94    138
95    139
96    129
97    120
98    133
99    147
100    123
101    110
102    124
103    123
104    128
105    131
106    131
107    116
108    128
109    104
110    87
111    93
112    78
113    86
114    75
115    89
116    65
117    63
118    56
119    40
120    43
121    48
122    32
123    33
124    17
125    25
126    16
127    21
128    15
129    18
130    7
131    8
132    7
133    4
134    2
135    4
136    1
137    2
138    1
139    13
