58    7
59    0
60    5
61    3
62    4
63    5
64    7
65    11
66    20
67    11
68    17
69    28
70    9
71    22
72    23
73    28
74    39
75    39
76    48
77    66
78    47
79    47
80    64
81    81
82    90
83    102
84    102
85    120
86    126
87    123
88    148
89    152
90    142
91    162
92    182
93    180
94    189
95    195
96    187
97    198
98    198
99    193
100    229
101    219
102    188
103    208
104    214
105    220
106    198
107    226
108    172
109    172
110    164
111    155
112    148
113    148
114    145
115    145
116    120
117    102
118    101
119    88
120    88
121    74
122    67
123    69
124    52
125    40
126    42
127    48
128    32
129    22
130    30
131    20
132    20
133    16
134    8
135    3
136    10
137    8
138    3
139    4
140    8
141    2
142    11
