61    14
62    1
63    3
64    3
65    3
66    5
67    4
68    11
69    14
70    14
71    27
72    26
73    27
74    28
75    42
76    49
77    55
78    55
79    76
80    91
81    88
82    97
83    118
84    118
85    129
86    146
87    164
88    184
89    199
90    200
91    238
92    259
93    247
94    246
95    259
96    271
97    257
98    294
99    293
100    323
101    290
102    274
103    296
104    254
105    240
106    259
107    268
108    255
109    208
110    218
111    189
112    175
113    193
114    164
115    140
116    129
117    125
118    104
119    102
120    97
121    88
122    83
123    64
124    41
125    49
126    49
127    32
128    34
129    19
130    27
131    16
132    11
133    10
134    6
135    3
136    5
137    3
138    3
139    11
