61    7
62    2
63    1
64    1
65    4
66    4
67    2
68    5
69    8
70    6
71    4
72    6
73    8
74    5
75    10
76    10
77    22
78    29
79    18
80    22
81    35
82    34
83    37
84    41
85    38
86    47
87    48
88    55
89    73
90    61
91    62
92    75
93    74
94    79
95    81
96    95
97    85
98    105
99    92
100    93
101    101
102    91
103    90
104    95
105    100
106    91
107    78
108    75
109    77
110    68
111    51
112    62
113    60
114    44
115    49
116    43
117    37
118    37
119    32
120    31
121    28
122    18
123    18
124    22
125    22
126    16
127    11
128    10
129    10
130    10
131    4
132    2
133    4
134    4
135    3
136    1
137    2
138    2
139    0
