70    31
71    12
72    19
73    17
74    26
75    49
76    40
77    46
78    74
79    110
80    119
81    113
82    152
83    185
84    198
85    278
86    311
87    372
88    402
89    445
90    509
91    548
92    598
93    647
94    666
95    757
96    760
97    799
98    811
99    889
100    847
101    896
102    881
103    815
104    788
105    804
106    729
107    718
108    679
109    597
110    536
111    501
112    494
113    401
114    351
115    268
116    248
117    243
118    193
119    148
120    132
121    96
122    84
123    75
124    49
125    39
126    30
127    28
128    19
129    14
130    41
