67    31
68    14
69    18
70    20
71    25
72    21
73    38
74    45
75    44
76    83
77    93
78    105
79    119
80    148
81    182
82    202
83    245
84    274
85    298
86    357
87    408
88    447
89    499
90    610
91    576
92    629
93    727
94    672
95    736
96    773
97    767
98    850
99    810
100    856
101    900
102    851
103    861
104    784
105    791
106    702
107    712
108    692
109    641
110    586
111    504
112    490
113    463
114    373
115    373
116    329
117    261
118    225
119    215
120    152
121    145
122    134
123    111
124    80
125    72
126    65
127    51
128    37
129    28
130    33
131    19
132    12
133    46
