67    12
68    8
69    7
70    4
71    8
72    15
73    13
74    22
75    26
76    34
77    39
78    43
79    57
80    75
81    77
82    101
83    107
84    131
85    122
86    177
87    179
88    193
89    218
90    251
91    251
92    252
93    304
94    361
95    335
96    353
97    390
98    380
99    359
100    382
101    380
102    392
103    361
104    431
105    329
106    367
107    291
108    321
109    297
110    302
111    269
112    232
113    209
114    190
115    156
116    134
117    139
118    106
119    93
120    99
121    62
122    54
123    43
124    38
125    40
126    24
127    16
128    20
129    11
130    3
131    9
132    4
133    19
