64    4
65    1
66    2
67    1
68    3
69    2
70    1
71    3
72    1
73    8
74    7
75    14
76    7
77    11
78    16
79    16
80    23
81    16
82    28
83    28
84    38
85    31
86    35
87    57
88    41
89    61
90    63
91    67
92    83
93    72
94    75
95    72
96    95
97    85
98    96
99    84
100    91
101    79
102    77
103    104
104    77
105    74
106    95
107    63
108    67
109    73
110    63
111    56
112    58
113    60
114    50
115    39
116    38
117    28
118    26
119    32
120    31
121    16
122    16
123    14
124    14
125    14
126    6
127    12
128    7
129    6
130    3
131    4
132    0
133    0
134    3
135    0
136    6
