73    8
74    3
75    4
76    5
77    12
78    12
79    18
80    31
81    23
82    46
83    43
84    45
85    86
86    85
87    89
88    94
89    142
90    152
91    152
92    198
93    186
94    210
95    254
96    264
97    267
98    267
99    307
100    303
101    310
102    251
103    267
104    242
105    243
106    263
107    226
108    205
109    195
110    175
111    134
112    134
113    138
114    103
115    74
116    80
117    54
118    55
119    47
120    35
121    24
122    21
123    9
124    7
125    7
126    7
127    12
