61    0
62    0
63    0
64    0
65    0
66    3
67    1
68    0
69    3
70    2
71    2
72    2
73    2
74    1
75    5
76    4
77    8
78    7
79    12
80    8
81    7
82    14
83    16
84    10
85    17
86    12
87    23
88    16
89    18
90    26
91    26
92    35
93    17
94    31
95    35
96    28
97    33
98    32
99    27
100    29
101    15
102    29
103    28
104    39
105    32
106    37
107    26
108    29
109    32
110    31
111    18
112    18
113    20
114    26
115    17
116    10
117    11
118    11
119    14
120    12
121    18
122    10
123    9
124    5
125    5
126    6
127    2
128    4
129    5
130    4
131    1
132    0
133    2
134    3
135    0
136    0
137    1
138    1
139    2
