58    20
59    2
60    3
61    4
62    7
63    10
64    13
65    8
66    15
67    21
68    20
69    16
70    28
71    23
72    34
73    28
74    41
75    39
76    57
77    61
78    79
79    72
80    109
81    85
82    118
83    131
84    116
85    140
86    167
87    148
88    181
89    199
90    186
91    204
92    216
93    225
94    223
95    244
96    232
97    235
98    230
99    267
100    234
101    281
102    263
103    268
104    240
105    220
106    241
107    228
108    245
109    242
110    198
111    183
112    177
113    162
114    159
115    152
116    145
117    133
118    136
119    106
120    115
121    85
122    68
123    89
124    60
125    50
126    59
127    36
128    31
129    29
130    24
131    20
132    25
133    15
134    17
135    13
136    15
137    11
138    8
139    10
140    4
141    1
142    11
