64    2
65    1
66    2
67    1
68    4
69    2
70    3
71    0
72    1
73    3
74    2
75    4
76    9
77    7
78    6
79    8
80    3
81    12
82    10
83    21
84    13
85    20
86    16
87    20
88    18
89    32
90    29
91    25
92    37
93    22
94    39
95    40
96    39
97    46
98    45
99    43
100    42
101    44
102    49
103    38
104    35
105    40
106    37
107    60
108    35
109    39
110    24
111    29
112    38
113    23
114    19
115    22
116    14
117    18
118    18
119    19
120    13
121    7
122    16
123    5
124    8
125    2
126    3
127    7
128    6
129    1
130    0
131    2
132    4
133    1
134    1
135    1
136    2
