67    9
68    1
69    1
70    0
71    7
72    4
73    7
74    12
75    14
76    18
77    17
78    20
79    26
80    27
81    33
82    35
83    48
84    65
85    57
86    65
87    77
88    82
89    102
90    98
91    126
92    118
93    131
94    139
95    168
96    148
97    165
98    165
99    144
100    152
101    167
102    151
103    138
104    173
105    135
106    137
107    148
108    134
109    126
110    117
111    108
112    100
113    88
114    81
115    77
116    59
117    48
118    45
119    39
120    43
121    29
122    22
123    15
124    12
125    14
126    6
127    8
128    8
129    9
130    6
131    0
132    2
133    7
