73    11
74    8
75    7
76    5
77    16
78    14
79    23
80    28
81    31
82    43
83    42
84    57
85    85
86    74
87    114
88    129
89    163
90    183
91    206
92    224
93    274
94    284
95    296
96    294
97    343
98    383
99    319
100    336
101    337
102    375
103    332
104    311
105    278
106    290
107    264
108    287
109    231
110    212
111    160
112    166
113    139
114    110
115    96
116    64
117    62
118    48
119    48
120    29
121    27
122    17
123    21
124    11
125    12
126    10
127    20
