70    24
71    4
72    12
73    22
74    30
75    28
76    26
77    39
78    51
79    75
80    81
81    90
82    128
83    156
84    199
85    207
86    281
87    291
88    326
89    410
90    417
91    490
92    481
93    547
94    601
95    646
96    712
97    709
98    739
99    691
100    768
101    760
102    728
103    721
104    701
105    672
106    628
107    560
108    539
109    512
110    457
111    430
112    362
113    334
114    250
115    229
116    228
117    186
118    164
119    120
120    121
121    92
122    78
123    58
124    44
125    41
126    33
127    26
128    15
129    17
130    37
