73    23
74    9
75    5
76    10
77    19
78    22
79    29
80    46
81    43
82    69
83    67
84    70
85    108
86    119
87    148
88    166
89    239
90    214
91    274
92    307
93    307
94    363
95    407
96    443
97    404
98    440
99    461
100    488
101    469
102    444
103    449
104    392
105    435
106    409
107    361
108    335
109    298
110    280
111    241
112    198
113    199
114    140
115    137
116    116
117    87
118    63
119    58
120    35
121    44
122    29
123    21
124    20
125    8
126    9
127    22
