76    28
77    18
78    12
79    14
80    29
81    44
82    69
83    70
84    112
85    161
86    174
87    238
88    265
89    295
90    362
91    444
92    502
93    519
94    654
95    635
96    735
97    779
98    840
99    847
100    837
101    880
102    858
103    804
104    787
105    781
106    711
107    618
108    532
109    494
110    440
111    384
112    300
113    243
114    206
115    164
116    127
117    101
118    67
119    62
120    45
121    33
122    24
123    10
124    27
