73    43
74    20
75    34
76    44
77    50
78    67
79    72
80    113
81    171
82    189
83    235
84    282
85    348
86    424
87    468
88    608
89    686
90    764
91    865
92    990
93    1126
94    1174
95    1232
96    1366
97    1476
98    1409
99    1530
100    1539
101    1535
102    1493
103    1458
104    1459
105    1384
106    1305
107    1243
108    1098
109    993
110    881
111    790
112    622
113    595
114    479
115    444
116    326
117    283
118    248
119    186
120    135
121    103
122    107
123    76
124    67
125    46
126    26
127    56
