70    10
71    1
72    4
73    5
74    7
75    7
76    9
77    13
78    13
79    29
80    29
81    41
82    52
83    47
84    55
85    63
86    92
87    73
88    94
89    112
90    126
91    133
92    159
93    157
94    221
95    179
96    182
97    208
98    215
99    245
100    214
101    223
102    206
103    232
104    188
105    187
106    191
107    188
108    187
109    162
110    145
111    152
112    120
113    106
114    104
115    71
116    73
117    59
118    56
119    42
120    30
121    28
122    17
123    15
124    12
125    15
126    6
127    8
128    2
129    5
130    8
