61    5
62    0
63    3
64    1
65    4
66    1
67    4
68    3
69    4
70    3
71    9
72    13
73    10
74    11
75    16
76    16
77    20
78    20
79    29
80    19
81    22
82    22
83    39
84    38
85    44
86    49
87    54
88    49
89    53
90    64
91    69
92    68
93    68
94    68
95    72
96    67
97    77
98    73
99    87
100    88
101    79
102    74
103    70
104    68
105    73
106    75
107    63
108    65
109    74
110    67
111    54
112    60
113    53
114    28
115    27
116    33
117    43
118    26
119    32
120    26
121    14
122    18
123    22
124    13
125    11
126    8
127    17
128    15
129    8
130    5
131    6
132    6
133    4
134    3
135    2
136    1
137    5
138    2
139    2
