64    12
65    5
66    1
67    4
68    11
69    5
70    8
71    11
72    15
73    16
74    23
75    18
76    28
77    35
78    43
79    50
80    43
81    40
82    66
83    67
84    84
85    105
86    123
87    112
88    139
89    128
90    164
91    157
92    176
93    197
94    199
95    218
96    210
97    206
98    199
99    221
100    218
101    229
102    192
103    215
104    220
105    212
106    203
107    199
108    159
109    167
110    182
111    140
112    128
113    118
114    98
115    87
116    77
117    77
118    76
119    62
120    56
121    42
122    45
123    46
124    35
125    29
126    19
127    16
128    20
129    11
130    7
131    10
132    7
133    6
134    5
135    7
136    12
