67    32
68    16
69    21
70    21
71    31
72    38
73    51
74    63
75    88
76    104
77    130
78    168
79    191
80    185
81    257
82    296
83    355
84    421
85    439
86    516
87    528
88    576
89    698
90    770
91    835
92    893
93    941
94    984
95    1082
96    1042
97    1160
98    1131
99    1138
100    1200
101    1210
102    1191
103    1175
104    1088
105    1092
106    1076
107    950
108    920
109    898
110    846
111    765
112    670
113    606
114    592
115    526
116    455
117    400
118    349
119    286
120    236
121    203
122    183
123    134
124    130
125    95
126    79
127    51
128    59
129    37
130    38
131    23
132    17
133    63
