61    5
62    0
63    1
64    2
65    4
66    2
67    1
68    3
69    4
70    10
71    7
72    7
73    6
74    14
75    9
76    18
77    13
78    12
79    17
80    17
81    16
82    24
83    22
84    28
85    33
86    44
87    33
88    47
89    54
90    45
91    60
92    62
93    61
94    54
95    77
96    70
97    80
98    76
99    70
100    59
101    80
102    65
103    73
104    62
105    57
106    51
107    73
108    50
109    59
110    59
111    55
112    51
113    53
114    43
115    42
116    37
117    45
118    36
119    19
120    22
121    28
122    16
123    23
124    17
125    10
126    5
127    8
128    9
129    4
130    9
131    7
132    4
133    0
134    1
135    1
136    0
137    2
138    0
139    9
