73    1
74    1
75    6
76    3
77    7
78    9
79    8
80    12
81    13
82    13
83    26
84    20
85    29
86    38
87    34
88    58
89    61
90    63
91    72
92    81
93    84
94    97
95    100
96    104
97    115
98    122
99    125
100    111
101    138
102    133
103    122
104    97
105    119
106    106
107    109
108    78
109    57
110    62
111    63
112    63
113    52
114    48
115    37
116    27
117    23
118    19
119    14
120    8
121    10
122    5
123    3
124    4
125    2
126    1
127    3
