64    1
65    1
66    1
67    1
68    0
69    0
70    2
71    2
72    2
73    5
74    2
75    5
76    6
77    5
78    10
79    7
80    5
81    5
82    9
83    9
84    11
85    15
86    19
87    22
88    29
89    19
90    22
91    26
92    25
93    33
94    30
95    35
96    38
97    40
98    33
99    36
100    36
101    29
102    35
103    41
104    28
105    38
106    37
107    37
108    21
109    15
110    23
111    21
112    26
113    22
114    21
115    15
116    9
117    9
118    16
119    11
120    7
121    6
122    4
123    3
124    3
125    4
126    4
127    2
128    2
129    1
130    3
131    1
132    1
133    1
134    0
135    0
136    2
