70    6
71    2
72    3
73    3
74    5
75    12
76    2
77    7
78    17
79    13
80    9
81    16
82    12
83    24
84    26
85    35
86    46
87    46
88    37
89    59
90    51
91    61
92    78
93    68
94    78
95    97
96    86
97    92
98    93
99    107
100    110
101    98
102    98
103    102
104    95
105    104
106    101
107    71
108    62
109    81
110    60
111    66
112    58
113    48
114    49
115    43
116    28
117    34
118    23
119    11
120    18
121    11
122    13
123    8
124    3
125    3
126    6
127    3
128    4
129    0
130    4
