61    10
62    1
63    3
64    5
65    9
66    8
67    2
68    13
69    11
70    18
71    22
72    24
73    27
74    24
75    31
76    36
77    52
78    56
79    71
80    73
81    83
82    92
83    80
84    112
85    110
86    128
87    150
88    152
89    155
90    144
91    182
92    195
93    176
94    203
95    226
96    201
97    217
98    227
99    237
100    240
101    243
102    229
103    205
104    223
105    216
106    192
107    215
108    184
109    183
110    170
111    170
112    156
113    141
114    140
115    131
116    131
117    93
118    88
119    81
120    73
121    73
122    55
123    54
124    52
125    47
126    37
127    20
128    26
129    22
130    18
131    11
132    9
133    10
134    10
135    4
136    11
137    5
138    4
139    17
