73    7
74    6
75    6
76    4
77    7
78    14
79    19
80    24
81    43
82    38
83    51
84    58
85    76
86    95
87    119
88    119
89    158
90    168
91    188
92    196
93    273
94    266
95    278
96    287
97    321
98    342
99    289
100    340
101    321
102    341
103    311
104    313
105    326
106    264
107    265
108    247
109    183
110    197
111    172
112    139
113    112
114    100
115    107
116    72
117    47
118    52
119    40
120    43
121    30
122    24
123    13
124    13
125    11
126    5
127    15
