61    18
62    5
63    7
64    4
65    12
66    15
67    11
68    16
69    28
70    28
71    36
72    37
73    45
74    54
75    61
76    84
77    99
78    95
79    120
80    120
81    146
82    195
83    197
84    218
85    264
86    258
87    279
88    296
89    295
90    314
91    351
92    357
93    379
94    411
95    395
96    392
97    473
98    428
99    468
100    426
101    459
102    450
103    452
104    464
105    442
106    429
107    418
108    346
109    348
110    333
111    332
112    314
113    293
114    288
115    251
116    249
117    193
118    168
119    155
120    135
121    119
122    136
123    105
124    85
125    94
126    73
127    55
128    37
129    46
130    46
131    31
132    28
133    23
134    19
135    13
136    14
137    9
138    7
139    23
