70    41
71    20
72    25
73    35
74    49
75    58
76    61
77    83
78    101
79    162
80    164
81    217
82    305
83    322
84    366
85    443
86    501
87    558
88    671
89    784
90    857
91    933
92    1065
93    1143
94    1234
95    1253
96    1407
97    1464
98    1458
99    1435
100    1449
101    1508
102    1485
103    1427
104    1424
105    1383
106    1328
107    1204
108    1188
109    1054
110    919
111    830
112    798
113    744
114    610
115    532
116    420
117    397
118    343
119    250
120    191
121    196
122    127
123    132
124    77
125    77
126    50
127    49
128    30
129    29
130    70
