70    23
71    8
72    16
73    24
74    18
75    31
76    31
77    53
78    51
79    71
80    77
81    106
82    117
83    168
84    178
85    179
86    239
87    309
88    332
89    373
90    406
91    461
92    486
93    533
94    578
95    540
96    677
97    630
98    634
99    695
100    690
101    659
102    648
103    660
104    610
105    659
106    532
107    541
108    523
109    475
110    465
111    446
112    346
113    318
114    294
115    259
116    211
117    186
118    169
119    143
120    99
121    84
122    75
123    48
124    42
125    36
126    24
127    24
128    20
129    9
130    42
