64    20
65    9
66    14
67    6
68    10
69    19
70    25
71    28
72    27
73    38
74    46
75    45
76    78
77    82
78    93
79    131
80    130
81    156
82    161
83    200
84    221
85    228
86    278
87    320
88    326
89    322
90    400
91    413
92    429
93    442
94    512
95    483
96    524
97    526
98    544
99    554
100    542
101    544
102    543
103    518
104    526
105    512
106    504
107    464
108    478
109    447
110    395
111    350
112    353
113    300
114    293
115    268
116    241
117    212
118    190
119    174
120    166
121    114
122    109
123    106
124    78
125    55
126    40
127    49
128    33
129    29
130    25
131    15
132    17
133    11
134    9
135    5
136    27
