58    20
59    3
60    8
61    13
62    5
63    15
64    7
65    14
66    18
67    20
68    20
69    39
70    29
71    38
72    55
73    49
74    80
75    88
76    86
77    102
78    108
79    121
80    141
81    127
82    152
83    161
84    186
85    217
86    223
87    248
88    277
89    297
90    307
91    302
92    303
93    330
94    349
95    345
96    372
97    375
98    381
99    405
100    391
101    393
102    358
103    357
104    367
105    348
106    371
107    315
108    310
109    327
110    298
111    293
112    246
113    244
114    213
115    234
116    197
117    203
118    159
119    172
120    139
121    128
122    141
123    114
124    91
125    75
126    68
127    50
128    65
129    44
130    37
131    35
132    27
133    28
134    28
135    22
136    22
137    14
138    15
139    7
140    8
141    15
142    22
