70    9
71    6
72    2
73    3
74    5
75    13
76    13
77    19
78    24
79    19
80    30
81    36
82    45
83    54
84    65
85    59
86    83
87    109
88    103
89    133
90    146
91    163
92    164
93    165
94    199
95    185
96    221
97    234
98    218
99    226
100    237
101    228
102    247
103    239
104    239
105    231
106    205
107    170
108    174
109    161
110    154
111    134
112    134
113    124
114    72
115    91
116    84
117    59
118    47
119    27
120    39
121    22
122    19
123    21
124    16
125    8
126    11
127    7
128    3
129    5
130    8
