73    8
74    5
75    3
76    5
77    7
78    19
79    23
80    38
81    32
82    42
83    59
84    72
85    91
86    113
87    133
88    143
89    180
90    166
91    209
92    261
93    253
94    302
95    315
96    314
97    385
98    374
99    369
100    342
101    411
102    429
103    369
104    367
105    340
106    344
107    290
108    271
109    228
110    205
111    193
112    153
113    137
114    128
115    119
116    109
117    84
118    53
119    53
120    32
121    33
122    23
123    15
124    10
125    6
126    10
127    15
