61    24
62    2
63    9
64    14
65    14
66    19
67    10
68    16
69    17
70    34
71    39
72    37
73    49
74    53
75    69
76    70
77    84
78    90
79    131
80    123
81    142
82    163
83    171
84    196
85    219
86    238
87    241
88    249
89    309
90    318
91    350
92    416
93    377
94    357
95    386
96    415
97    440
98    429
99    399
100    429
101    423
102    414
103    421
104    402
105    384
106    420
107    405
108    367
109    364
110    307
111    303
112    284
113    259
114    246
115    221
116    221
117    195
118    175
119    151
120    136
121    135
122    108
123    102
124    84
125    73
126    58
127    50
128    35
129    33
130    24
131    22
132    17
133    21
134    18
135    14
136    9
137    5
138    6
139    17
