61    11
62    3
63    5
64    6
65    9
66    9
67    5
68    16
69    13
70    16
71    19
72    20
73    37
74    46
75    39
76    39
77    50
78    63
79    84
80    86
81    117
82    91
83    136
84    139
85    140
86    156
87    176
88    202
89    179
90    209
91    233
92    228
93    233
94    295
95    270
96    246
97    301
98    305
99    268
100    261
101    258
102    294
103    258
104    289
105    248
106    293
107    253
108    263
109    218
110    178
111    212
112    209
113    188
114    149
115    146
116    119
117    119
118    129
119    100
120    101
121    70
122    89
123    78
124    40
125    50
126    44
127    36
128    38
129    24
130    18
131    19
132    19
133    9
134    12
135    7
136    10
137    6
138    4
139    26
