64    2
65    0
66    1
67    0
68    1
69    3
70    1
71    1
72    1
73    4
74    6
75    7
76    6
77    5
78    7
79    12
80    12
81    12
82    16
83    14
84    12
85    16
86    29
87    24
88    31
89    28
90    23
91    29
92    25
93    40
94    40
95    35
96    40
97    40
98    44
99    55
100    38
101    31
102    47
103    49
104    40
105    37
106    39
107    45
108    32
109    29
110    35
111    21
112    42
113    26
114    21
115    21
116    19
117    18
118    16
119    18
120    8
121    9
122    10
123    5
124    3
125    6
126    4
127    4
128    2
129    2
130    0
131    1
132    0
133    1
134    0
135    0
136    2
