58    19
59    10
60    6
61    6
62    9
63    16
64    10
65    25
66    17
67    17
68    32
69    37
70    38
71    41
72    39
73    68
74    65
75    64
76    96
77    93
78    124
79    111
80    146
81    141
82    176
83    187
84    198
85    210
86    239
87    237
88    268
89    279
90    305
91    332
92    333
93    353
94    338
95    383
96    374
97    426
98    367
99    357
100    395
101    425
102    372
103    395
104    374
105    441
106    395
107    375
108    346
109    328
110    290
111    297
112    306
113    280
114    220
115    233
116    233
117    193
118    203
119    160
120    129
121    162
122    123
123    102
124    84
125    72
126    71
127    74
128    76
129    53
130    48
131    43
132    26
133    32
134    27
135    17
136    17
137    9
138    10
139    10
140    5
141    9
142    24
