67    12
68    9
69    5
70    10
71    4
72    16
73    11
74    22
75    25
76    35
77    31
78    46
79    42
80    59
81    64
82    65
83    86
84    89
85    109
86    140
87    152
88    128
89    171
90    175
91    216
92    263
93    201
94    255
95    295
96    264
97    273
98    293
99    318
100    301
101    291
102    332
103    310
104    294
105    253
106    280
107    292
108    222
109    201
110    206
111    199
112    179
113    169
114    160
115    120
116    89
117    99
118    70
119    76
120    66
121    71
122    54
123    50
124    32
125    31
126    30
127    17
128    21
129    14
130    12
131    4
132    7
133    13
