64    23
65    5
66    11
67    2
68    14
69    12
70    12
71    17
72    23
73    31
74    41
75    48
76    53
77    71
78    75
79    102
80    103
81    128
82    135
83    153
84    185
85    192
86    220
87    256
88    261
89    316
90    334
91    323
92    386
93    388
94    415
95    413
96    462
97    453
98    474
99    456
100    484
101    433
102    464
103    478
104    459
105    445
106    417
107    391
108    372
109    380
110    328
111    320
112    273
113    243
114    266
115    244
116    201
117    193
118    141
119    139
120    130
121    121
122    94
123    95
124    81
125    55
126    45
127    32
128    39
129    24
130    23
131    12
132    13
133    8
134    4
135    10
136    26
