58    28
59    3
60    7
61    11
62    9
63    11
64    17
65    22
66    20
67    21
68    33
69    55
70    47
71    46
72    63
73    99
74    85
75    88
76    97
77    125
78    103
79    153
80    160
81    190
82    206
83    199
84    279
85    265
86    281
87    294
88    333
89    337
90    408
91    394
92    365
93    429
94    448
95    445
96    496
97    510
98    473
99    472
100    522
101    500
102    511
103    502
104    471
105    477
106    454
107    439
108    434
109    412
110    397
111    358
112    381
113    325
114    303
115    286
116    265
117    249
118    221
119    199
120    181
121    172
122    125
123    152
124    140
125    110
126    99
127    67
128    94
129    55
130    63
131    46
132    44
133    31
134    31
135    23
136    24
137    20
138    14
139    16
140    8
141    11
142    22
