58    6
59    3
60    2
61    4
62    0
63    5
64    1
65    5
66    7
67    4
68    11
69    8
70    15
71    17
72    19
73    15
74    25
75    16
76    21
77    41
78    28
79    33
80    42
81    52
82    51
83    49
84    80
85    55
86    72
87    105
88    74
89    74
90    105
91    111
92    109
93    121
94    126
95    145
96    107
97    139
98    131
99    157
100    127
101    137
102    144
103    116
104    134
105    130
106    123
107    121
108    122
109    102
110    109
111    110
112    88
113    83
114    80
115    76
116    79
117    67
118    58
119    58
120    57
121    43
122    45
123    29
124    31
125    27
126    30
127    33
128    24
129    22
130    17
131    10
132    13
133    8
134    6
135    10
136    6
137    4
138    2
139    2
140    6
141    2
142    12
