58    3
59    0
60    3
61    2
62    1
63    2
64    2
65    1
66    4
67    2
68    5
69    5
70    4
71    5
72    7
73    5
74    8
75    6
76    8
77    8
78    17
79    9
80    15
81    12
82    13
83    17
84    18
85    19
86    17
87    20
88    28
89    25
90    18
91    30
92    28
93    36
94    33
95    26
96    47
97    37
98    34
99    38
100    39
101    30
102    33
103    37
104    37
105    37
106    32
107    34
108    23
109    30
110    28
111    22
112    22
113    30
114    23
115    25
116    29
117    22
118    17
119    19
120    8
121    11
122    12
123    8
124    12
125    7
126    6
127    6
128    8
129    2
130    7
131    3
132    3
133    3
134    1
135    2
136    4
137    3
138    1
139    0
140    1
141    2
142    6
