64    13
65    5
66    2
67    4
68    7
69    10
70    9
71    10
72    18
73    21
74    21
75    38
76    32
77    51
78    56
79    65
80    70
81    73
82    86
83    103
84    109
85    129
86    164
87    168
88    201
89    194
90    195
91    217
92    248
93    272
94    273
95    277
96    311
97    335
98    300
99    328
100    265
101    319
102    331
103    308
104    292
105    282
106    272
107    272
108    249
109    230
110    229
111    202
112    193
113    181
114    165
115    151
116    115
117    123
118    91
119    81
120    86
121    70
122    63
123    55
124    43
125    45
126    32
127    21
128    26
129    13
130    13
131    7
132    6
133    7
134    2
135    4
136    15
