64    14
65    3
66    3
67    6
68    6
69    22
70    18
71    13
72    19
73    22
74    26
75    34
76    33
77    30
78    49
79    56
80    66
81    79
82    101
83    102
84    123
85    126
86    148
87    186
88    141
89    202
90    212
91    216
92    225
93    240
94    259
95    275
96    277
97    297
98    304
99    305
100    296
101    306
102    302
103    292
104    307
105    285
106    271
107    283
108    249
109    245
110    210
111    216
112    208
113    177
114    165
115    144
116    141
117    117
118    127
119    98
120    91
121    87
122    53
123    43
124    40
125    31
126    30
127    28
128    30
129    24
130    11
131    18
132    5
133    12
134    9
135    7
136    16
