73    7
74    6
75    1
76    9
77    14
78    7
79    17
80    13
81    20
82    38
83    28
84    45
85    75
86    66
87    92
88    95
89    118
90    160
91    165
92    153
93    179
94    194
95    222
96    243
97    207
98    275
99    272
100    271
101    269
102    290
103    254
104    266
105    244
106    196
107    213
108    199
109    161
110    167
111    115
112    137
113    108
114    85
115    71
116    69
117    53
118    34
119    32
120    22
121    24
122    12
123    5
124    7
125    6
126    6
127    7
