64    9
65    0
66    2
67    1
68    4
69    7
70    3
71    4
72    6
73    7
74    8
75    10
76    15
77    18
78    17
79    20
80    21
81    22
82    41
83    35
84    27
85    33
86    50
87    35
88    42
89    62
90    79
91    77
92    78
93    84
94    84
95    99
96    99
97    87
98    105
99    98
100    112
101    96
102    85
103    99
104    91
105    90
106    102
107    82
108    84
109    91
110    75
111    55
112    74
113    66
114    49
115    46
116    30
117    43
118    43
119    30
120    31
121    29
122    20
123    23
124    26
125    13
126    12
127    6
128    5
129    4
130    3
131    3
132    2
133    6
134    1
135    1
136    5
