64    2
65    0
66    0
67    0
68    2
69    2
70    6
71    9
72    3
73    2
74    7
75    5
76    8
77    12
78    11
79    13
80    20
81    25
82    27
83    24
84    34
85    34
86    28
87    41
88    37
89    53
90    37
91    49
92    70
93    50
94    60
95    61
96    61
97    71
98    66
99    68
100    57
101    86
102    78
103    65
104    61
105    67
106    62
107    75
108    51
109    63
110    54
111    55
112    46
113    41
114    52
115    32
116    35
117    32
118    20
119    20
120    23
121    16
122    10
123    15
124    16
125    5
126    11
127    9
128    0
129    2
130    2
131    2
132    1
133    2
134    1
135    2
136    5
