64    23
65    5
66    7
67    12
68    10
69    15
70    13
71    24
72    28
73    36
74    55
75    54
76    67
77    67
78    107
79    105
80    131
81    150
82    179
83    198
84    210
85    244
86    228
87    308
88    313
89    356
90    389
91    436
92    458
93    508
94    522
95    507
96    574
97    584
98    569
99    575
100    547
101    605
102    593
103    545
104    555
105    568
106    519
107    485
108    433
109    462
110    420
111    399
112    353
113    335
114    309
115    301
116    246
117    217
118    188
119    193
120    178
121    135
122    144
123    95
124    96
125    68
126    61
127    62
128    36
129    27
130    33
131    21
132    17
133    18
134    18
135    3
136    29
