73    17
74    8
75    7
76    19
77    17
78    23
79    43
80    47
81    56
82    61
83    97
84    133
85    152
86    151
87    189
88    209
89    285
90    287
91    340
92    383
93    438
94    465
95    543
96    508
97    546
98    628
99    556
100    578
101    597
102    560
103    600
104    543
105    530
106    512
107    455
108    430
109    341
110    340
111    289
112    263
113    225
114    179
115    167
116    136
117    116
118    78
119    79
120    49
121    27
122    31
123    28
124    16
125    12
126    12
127    26
