61    16
62    2
63    4
64    6
65    8
66    9
67    23
68    12
69    20
70    30
71    32
72    48
73    47
74    54
75    66
76    70
77    73
78    73
79    105
80    116
81    146
82    160
83    174
84    167
85    183
86    230
87    235
88    246
89    283
90    286
91    286
92    338
93    333
94    387
95    365
96    360
97    394
98    371
99    426
100    447
101    400
102    406
103    390
104    388
105    403
106    384
107    366
108    344
109    352
110    294
111    273
112    249
113    254
114    243
115    225
116    198
117    186
118    175
119    129
120    133
121    113
122    98
123    97
124    93
125    61
126    59
127    43
128    47
129    34
130    36
131    26
132    22
133    18
134    15
135    15
136    5
137    6
138    11
139    27
