67    28
68    13
69    15
70    23
71    21
72    37
73    51
74    44
75    64
76    77
77    91
78    123
79    137
80    163
81    201
82    232
83    262
84    273
85    363
86    370
87    464
88    510
89    547
90    607
91    617
92    730
93    733
94    745
95    875
96    892
97    879
98    903
99    943
100    909
101    973
102    986
103    879
104    913
105    842
106    871
107    803
108    804
109    677
110    661
111    566
112    561
113    461
114    451
115    358
116    356
117    310
118    254
119    236
120    208
121    170
122    163
123    129
124    93
125    84
126    67
127    52
128    48
129    33
130    23
131    20
132    19
133    59
