64    11
65    7
66    3
67    9
68    9
69    14
70    18
71    22
72    28
73    24
74    35
75    48
76    41
77    67
78    64
79    86
80    103
81    106
82    129
83    137
84    146
85    194
86    223
87    204
88    262
89    233
90    308
91    309
92    311
93    312
94    350
95    379
96    390
97    345
98    404
99    396
100    412
101    395
102    429
103    410
104    382
105    385
106    368
107    341
108    308
109    301
110    292
111    284
112    253
113    235
114    205
115    193
116    186
117    166
118    138
119    121
120    117
121    95
122    76
123    88
124    57
125    58
126    40
127    37
128    29
129    20
130    22
131    21
132    14
133    13
134    9
135    11
136    22
