61    8
62    2
63    2
64    5
65    3
66    2
67    4
68    8
69    6
70    13
71    20
72    27
73    21
74    21
75    30
76    38
77    51
78    45
79    44
80    58
81    64
82    60
83    73
84    80
85    105
86    115
87    122
88    119
89    143
90    140
91    154
92    208
93    162
94    184
95    176
96    190
97    184
98    193
99    207
100    205
101    215
102    188
103    196
104    213
105    214
106    188
107    194
108    168
109    168
110    143
111    130
112    137
113    124
114    116
115    110
116    90
117    92
118    89
119    69
120    56
121    61
122    40
123    41
124    34
125    40
126    27
127    23
128    19
129    19
130    13
131    17
132    4
133    11
134    9
135    4
136    3
137    6
138    4
139    4
