61    6
62    1
63    3
64    5
65    3
66    6
67    4
68    6
69    6
70    18
71    9
72    8
73    20
74    26
75    26
76    28
77    27
78    32
79    30
80    42
81    34
82    53
83    60
84    60
85    78
86    85
87    89
88    90
89    89
90    114
91    118
92    114
93    124
94    113
95    130
96    148
97    142
98    147
99    121
100    134
101    143
102    138
103    150
104    141
105    151
106    125
107    129
108    130
109    93
110    98
111    110
112    92
113    99
114    59
115    83
116    77
117    71
118    64
119    46
120    51
121    41
122    42
123    43
124    22
125    23
126    20
127    20
128    12
129    10
130    10
131    12
132    10
133    10
134    4
135    3
136    1
137    1
138    3
139    8
