73    15
74    13
75    16
76    26
77    29
78    35
79    38
80    40
81    61
82    67
83    82
84    124
85    158
86    179
87    235
88    249
89    287
90    348
91    401
92    407
93    473
94    489
95    541
96    572
97    587
98    638
99    707
100    640
101    652
102    681
103    596
104    613
105    598
106    567
107    546
108    473
109    396
110    367
111    301
112    313
113    245
114    192
115    192
116    146
117    116
118    100
119    92
120    65
121    50
122    54
123    23
124    24
125    18
126    15
127    27
