73    14
74    10
75    6
76    10
77    14
78    34
79    33
80    36
81    50
82    56
83    79
84    104
85    126
86    141
87    174
88    201
89    276
90    286
91    360
92    377
93    423
94    475
95    435
96    506
97    491
98    547
99    574
100    562
101    571
102    583
103    537
104    547
105    505
106    504
107    435
108    415
109    385
110    329
111    285
112    250
113    198
114    192
115    164
116    118
117    96
118    81
119    65
120    59
121    39
122    36
123    29
124    21
125    9
126    13
127    31
