67    35
68    11
69    22
70    19
71    39
72    35
73    44
74    53
75    68
76    74
77    115
78    117
79    176
80    169
81    199
82    276
83    282
84    353
85    410
86    439
87    516
88    519
89    590
90    661
91    687
92    769
93    808
94    872
95    858
96    974
97    960
98    986
99    1003
100    996
101    995
102    1017
103    1005
104    962
105    900
106    929
107    902
108    790
109    716
110    706
111    646
112    588
113    496
114    497
115    404
116    411
117    323
118    313
119    261
120    204
121    180
122    154
123    122
124    77
125    93
126    67
127    54
128    36
129    38
130    34
131    19
132    17
133    61
