73    4
74    3
75    3
76    6
77    3
78    6
79    13
80    9
81    14
82    22
83    23
84    42
85    40
86    57
87    55
88    72
89    78
90    84
91    114
92    107
93    139
94    139
95    155
96    143
97    169
98    160
99    177
100    170
101    182
102    154
103    152
104    132
105    151
106    142
107    136
108    129
109    113
110    95
111    101
112    84
113    73
114    59
115    54
116    49
117    34
118    27
119    23
120    12
121    14
122    12
123    7
124    10
125    1
126    6
127    15
