61    7
62    3
63    5
64    4
65    5
66    0
67    6
68    7
69    7
70    9
71    5
72    14
73    11
74    16
75    11
76    13
77    32
78    26
79    28
80    25
81    45
82    36
83    48
84    50
85    72
86    59
87    61
88    69
89    78
90    83
91    99
92    103
93    114
94    103
95    110
96    118
97    114
98    124
99    113
100    115
101    110
102    117
103    134
104    113
105    126
106    120
107    106
108    101
109    103
110    113
111    88
112    84
113    67
114    76
115    64
116    66
117    45
118    49
119    40
120    48
121    45
122    31
123    21
124    20
125    16
126    20
127    18
128    16
129    10
130    12
131    11
132    8
133    4
134    8
135    1
136    4
137    0
138    2
139    9
