61    5
62    0
63    0
64    3
65    2
66    3
67    5
68    2
69    7
70    4
71    7
72    12
73    10
74    13
75    14
76    16
77    12
78    11
79    11
80    29
81    33
82    36
83    39
84    34
85    48
86    64
87    46
88    41
89    62
90    72
91    74
92    70
93    77
94    82
95    92
96    96
97    111
98    77
99    89
100    95
101    109
102    83
103    98
104    80
105    107
106    75
107    81
108    91
109    79
110    83
111    78
112    54
113    62
114    56
115    42
116    44
117    36
118    39
119    28
120    35
121    22
122    29
123    19
124    18
125    14
126    19
127    9
128    10
129    6
130    11
131    5
132    5
133    10
134    6
135    1
136    3
137    2
138    8
139    4
