70    12
71    4
72    4
73    12
74    10
75    17
76    14
77    23
78    29
79    30
80    30
81    56
82    59
83    89
84    78
85    98
86    128
87    123
88    171
89    180
90    208
91    242
92    258
93    240
94    297
95    313
96    317
97    314
98    333
99    313
100    353
101    354
102    369
103    359
104    311
105    319
106    281
107    279
108    260
109    236
110    223
111    213
112    175
113    153
114    134
115    114
116    97
117    74
118    71
119    65
120    52
121    39
122    26
123    29
124    25
125    17
126    17
127    13
128    8
129    3
130    19
