70    0
71    2
72    1
73    3
74    0
75    2
76    1
77    2
78    2
79    3
80    4
81    4
82    4
83    10
84    11
85    10
86    10
87    14
88    11
89    18
90    14
91    26
92    28
93    31
94    25
95    36
96    37
97    28
98    35
99    36
100    29
101    29
102    27
103    32
104    22
105    20
106    19
107    27
108    21
109    13
110    20
111    21
112    11
113    16
114    11
115    9
116    13
117    6
118    4
119    4
120    7
121    1
122    2
123    3
124    2
125    2
126    0
127    2
128    0
129    2
130    1
