70    12
71    5
72    12
73    10
74    27
75    23
76    31
77    41
78    36
79    66
80    54
81    77
82    91
83    113
84    129
85    169
86    201
87    238
88    237
89    267
90    300
91    311
92    355
93    387
94    420
95    434
96    467
97    512
98    479
99    512
100    539
101    523
102    522
103    481
104    496
105    476
106    445
107    408
108    399
109    374
110    315
111    271
112    271
113    223
114    211
115    183
116    181
117    136
118    104
119    85
120    59
121    54
122    58
123    42
124    38
125    29
126    26
127    17
128    16
129    11
130    27
