73    10
74    6
75    4
76    10
77    14
78    13
79    22
80    25
81    33
82    30
83    58
84    47
85    66
86    80
87    89
88    108
89    136
90    154
91    150
92    204
93    213
94    205
95    231
96    242
97    255
98    310
99    298
100    292
101    295
102    300
103    267
104    253
105    245
106    286
107    211
108    201
109    186
110    166
111    145
112    118
113    117
114    86
115    74
116    63
117    51
118    44
119    40
120    35
121    24
122    18
123    8
124    12
125    2
126    3
127    16
