70    8
71    2
72    6
73    5
74    7
75    7
76    10
77    12
78    13
79    21
80    28
81    34
82    28
83    40
84    49
85    54
86    60
87    94
88    89
89    83
90    97
91    110
92    133
93    136
94    124
95    164
96    142
97    162
98    188
99    149
100    172
101    183
102    209
103    182
104    177
105    142
106    177
107    149
108    139
109    131
110    113
111    113
112    100
113    83
114    65
115    89
116    59
117    54
118    38
119    39
120    37
121    13
122    23
123    9
124    7
125    7
126    9
127    11
128    2
129    6
130    4
