58    0
59    1
60    0
61    0
62    1
63    1
64    2
65    1
66    2
67    2
68    1
69    5
70    4
71    2
72    2
73    4
74    5
75    9
76    10
77    8
78    5
79    8
80    8
81    15
82    17
83    13
84    13
85    15
86    17
87    21
88    34
89    17
90    16
91    23
92    22
93    33
94    28
95    27
96    21
97    28
98    25
99    17
100    35
101    25
102    24
103    37
104    29
105    30
106    25
107    20
108    22
109    31
110    22
111    24
112    25
113    13
114    18
115    19
116    15
117    13
118    18
119    19
120    11
121    14
122    14
123    6
124    10
125    5
126    10
127    4
128    2
129    3
130    4
131    3
132    1
133    3
134    1
135    1
136    2
137    1
138    1
139    0
140    0
141    0
142    2
