64    8
65    1
66    1
67    1
68    3
69    3
70    6
71    5
72    8
73    12
74    11
75    9
76    15
77    21
78    26
79    26
80    34
81    48
82    48
83    47
84    43
85    56
86    52
87    72
88    74
89    86
90    101
91    87
92    87
93    95
94    104
95    113
96    126
97    120
98    126
99    110
100    145
101    166
102    165
103    125
104    96
105    152
106    112
107    119
108    105
109    92
110    107
111    68
112    85
113    84
114    76
115    59
116    50
117    57
118    52
119    42
120    34
121    28
122    32
123    23
124    26
125    11
126    12
127    14
128    9
129    10
130    6
131    3
132    5
133    5
134    2
135    2
136    10
