61    4
62    0
63    1
64    1
65    1
66    0
67    2
68    2
69    2
70    4
71    5
72    5
73    5
74    4
75    8
76    12
77    9
78    16
79    18
80    18
81    20
82    24
83    25
84    18
85    19
86    34
87    30
88    46
89    36
90    36
91    46
92    37
93    47
94    46
95    42
96    48
97    50
98    75
99    57
100    59
101    51
102    56
103    51
104    51
105    45
106    61
107    39
108    43
109    42
110    39
111    38
112    31
113    48
114    32
115    28
116    28
117    28
118    30
119    23
120    22
121    18
122    26
123    12
124    15
125    9
126    10
127    3
128    8
129    7
130    2
131    3
132    3
133    4
134    0
135    1
136    3
137    2
138    2
139    3
