73    8
74    9
75    8
76    13
77    12
78    17
79    23
80    35
81    46
82    49
83    57
84    76
85    108
86    120
87    119
88    151
89    169
90    228
91    246
92    262
93    295
94    337
95    330
96    396
97    373
98    421
99    432
100    408
101    393
102    406
103    414
104    361
105    393
106    327
107    320
108    292
109    231
110    272
111    212
112    197
113    147
114    128
115    116
116    101
117    83
118    51
119    41
120    32
121    35
122    22
123    22
124    12
125    8
126    8
127    16
