67    18
68    3
69    9
70    10
71    4
72    18
73    29
74    26
75    31
76    39
77    45
78    58
79    70
80    85
81    80
82    116
83    147
84    147
85    164
86    193
87    215
88    227
89    249
90    260
91    323
92    368
93    374
94    444
95    420
96    416
97    477
98    460
99    490
100    498
101    514
102    472
103    443
104    421
105    446
106    426
107    398
108    366
109    338
110    299
111    302
112    290
113    255
114    218
115    185
116    181
117    132
118    139
119    131
120    107
121    80
122    75
123    55
124    47
125    39
126    32
127    43
128    17
129    13
130    11
131    11
132    12
133    25
