58    17
59    4
60    5
61    5
62    4
63    4
64    5
65    14
66    17
67    21
68    17
69    27
70    22
71    17
72    38
73    29
74    39
75    55
76    47
77    63
78    80
79    65
80    81
81    91
82    104
83    119
84    138
85    124
86    165
87    196
88    157
89    207
90    201
91    203
92    249
93    240
94    242
95    259
96    278
97    254
98    250
99    267
100    265
101    261
102    255
103    248
104    247
105    241
106    235
107    245
108    211
109    205
110    182
111    205
112    186
113    171
114    145
115    143
116    131
117    139
118    124
119    114
120    99
121    91
122    76
123    77
124    71
125    59
126    56
127    51
128    37
129    42
130    28
131    23
132    15
133    15
134    10
135    13
136    9
137    12
138    4
139    4
140    6
141    7
142    17
