73    6
74    3
75    4
76    2
77    7
78    7
79    6
80    11
81    13
82    23
83    19
84    31
85    39
86    45
87    52
88    76
89    80
90    86
91    94
92    131
93    128
94    118
95    145
96    163
97    159
98    172
99    155
100    168
101    176
102    175
103    170
104    163
105    161
106    128
107    118
108    122
109    116
110    96
111    84
112    75
113    65
114    50
115    45
116    48
117    37
118    37
119    19
120    23
121    8
122    15
123    10
124    12
125    5
126    2
127    6
