64    16
65    3
66    6
67    6
68    10
69    11
70    14
71    21
72    15
73    27
74    24
75    49
76    52
77    51
78    72
79    77
80    90
81    101
82    122
83    137
84    187
85    185
86    204
87    226
88    229
89    243
90    289
91    267
92    285
93    297
94    345
95    382
96    365
97    389
98    370
99    374
100    408
101    382
102    440
103    389
104    361
105    344
106    375
107    334
108    325
109    349
110    310
111    258
112    270
113    234
114    234
115    172
116    181
117    145
118    142
119    131
120    109
121    85
122    67
123    53
124    52
125    33
126    45
127    28
128    28
129    25
130    11
131    15
132    13
133    7
134    7
135    9
136    23
