61    62
62    8
63    23
64    30
65    34
66    42
67    48
68    59
69    69
70    93
71    98
72    124
73    132
74    156
75    209
76    216
77    237
78    270
79    336
80    358
81    433
82    490
83    523
84    585
85    643
86    681
87    744
88    875
89    826
90    953
91    1021
92    1029
93    1087
94    1152
95    1181
96    1207
97    1202
98    1289
99    1325
100    1239
101    1293
102    1312
103    1220
104    1201
105    1256
106    1201
107    1158
108    1067
109    1065
110    978
111    906
112    872
113    827
114    780
115    703
116    652
117    602
118    539
119    478
120    446
121    367
122    346
123    265
124    271
125    217
126    178
127    153
128    151
129    110
130    91
131    73
132    56
133    60
134    45
135    43
136    34
137    31
138    26
139    66
