58    7
59    5
60    2
61    3
62    7
63    2
64    4
65    11
66    11
67    5
68    19
69    24
70    24
71    25
72    25
73    32
74    35
75    31
76    44
77    52
78    48
79    64
80    73
81    81
82    89
83    97
84    95
85    110
86    133
87    122
88    137
89    154
90    126
91    145
92    156
93    155
94    181
95    189
96    181
97    193
98    200
99    172
100    193
101    201
102    209
103    199
104    181
105    195
106    194
107    195
108    170
109    159
110    171
111    156
112    161
113    139
114    120
115    114
116    102
117    84
118    100
119    79
120    81
121    80
122    63
123    58
124    56
125    46
126    24
127    33
128    30
129    27
130    21
131    17
132    24
133    12
134    15
135    10
136    9
137    8
138    7
139    9
140    4
141    1
142    12
