61    1
62    0
63    2
64    1
65    4
66    2
67    0
68    3
69    2
70    2
71    4
72    2
73    10
74    7
75    7
76    7
77    6
78    11
79    14
80    10
81    15
82    27
83    23
84    22
85    29
86    31
87    41
88    26
89    40
90    34
91    43
92    47
93    49
94    44
95    48
96    37
97    52
98    41
99    69
100    47
101    55
102    52
103    51
104    55
105    46
106    46
107    49
108    39
109    44
110    44
111    64
112    37
113    31
114    30
115    25
116    19
117    28
118    19
119    22
120    16
121    18
122    10
123    16
124    8
125    11
126    8
127    4
128    1
129    6
130    1
131    3
132    5
133    3
134    1
135    1
136    1
137    2
138    3
139    3
