64    1
65    0
66    1
67    1
68    2
69    0
70    2
71    4
72    5
73    2
74    5
75    5
76    12
77    12
78    8
79    8
80    8
81    21
82    12
83    18
84    27
85    15
86    20
87    39
88    29
89    43
90    34
91    42
92    42
93    56
94    60
95    57
96    61
97    62
98    65
99    62
100    73
101    62
102    56
103    65
104    60
105    54
106    60
107    47
108    50
109    48
110    36
111    41
112    33
113    41
114    27
115    33
116    31
117    28
118    19
119    14
120    21
121    15
122    17
123    10
124    9
125    9
126    4
127    5
128    0
129    6
130    4
131    5
132    1
133    1
134    1
135    0
136    2
