67    4
68    4
69    0
70    3
71    10
72    5
73    18
74    12
75    21
76    26
77    27
78    30
79    43
80    44
81    59
82    59
83    83
84    95
85    99
86    113
87    116
88    140
89    177
90    201
91    181
92    234
93    254
94    216
95    256
96    249
97    251
98    241
99    263
100    273
101    275
102    270
103    286
104    295
105    255
106    221
107    208
108    229
109    210
110    175
111    169
112    147
113    157
114    120
115    133
116    91
117    80
118    73
119    64
120    47
121    35
122    43
123    39
124    31
125    24
126    16
127    11
128    8
129    13
130    6
131    5
132    2
133    10
