73    8
74    13
75    5
76    13
77    17
78    20
79    29
80    32
81    43
82    50
83    65
84    70
85    102
86    93
87    134
88    153
89    178
90    201
91    242
92    273
93    308
94    343
95    352
96    356
97    375
98    353
99    402
100    385
101    404
102    413
103    402
104    386
105    345
106    322
107    322
108    288
109    256
110    208
111    211
112    162
113    172
114    150
115    114
116    98
117    70
118    57
119    57
120    40
121    34
122    23
123    16
124    12
125    12
126    6
127    17
