64    11
65    5
66    6
67    9
68    8
69    17
70    23
71    21
72    28
73    27
74    47
75    40
76    60
77    51
78    80
79    75
80    125
81    114
82    145
83    148
84    164
85    167
86    211
87    244
88    249
89    265
90    291
91    331
92    319
93    362
94    375
95    369
96    382
97    392
98    400
99    406
100    435
101    444
102    427
103    413
104    414
105    424
106    400
107    362
108    356
109    325
110    365
111    259
112    254
113    241
114    247
115    195
116    192
117    168
118    166
119    139
120    114
121    91
122    81
123    86
124    64
125    50
126    39
127    35
128    33
129    25
130    22
131    14
132    10
133    7
134    10
135    9
136    14
