61    48
62    14
63    11
64    19
65    25
66    34
67    48
68    48
69    67
70    72
71    87
72    98
73    119
74    127
75    144
76    160
77    201
78    241
79    287
80    310
81    353
82    411
83    444
84    484
85    528
86    572
87    622
88    720
89    753
90    785
91    846
92    840
93    871
94    911
95    938
96    1037
97    1019
98    1026
99    1048
100    1040
101    1028
102    1074
103    1085
104    1018
105    1020
106    908
107    956
108    929
109    833
110    794
111    797
112    717
113    682
114    600
115    599
116    515
117    454
118    418
119    356
120    369
121    315
122    290
123    212
124    217
125    207
126    141
127    108
128    135
129    108
130    101
131    67
132    56
133    56
134    43
135    26
136    19
137    24
138    23
139    55
