70    3
71    2
72    1
73    3
74    4
75    8
76    4
77    3
78    8
79    14
80    9
81    18
82    18
83    22
84    39
85    32
86    37
87    37
88    49
89    54
90    62
91    67
92    80
93    106
94    75
95    80
96    108
97    124
98    142
99    107
100    114
101    126
102    104
103    113
104    108
105    98
106    98
107    103
108    74
109    66
110    77
111    45
112    66
113    44
114    36
115    30
116    39
117    21
118    31
119    16
120    14
121    18
122    11
123    9
124    3
125    9
126    8
127    4
128    5
129    3
130    7
