70    10
71    8
72    7
73    9
74    11
75    19
76    25
77    26
78    31
79    48
80    51
81    69
82    82
83    95
84    110
85    140
86    147
87    159
88    224
89    201
90    263
91    263
92    284
93    307
94    336
95    367
96    375
97    387
98    410
99    400
100    426
101    438
102    404
103    376
104    415
105    413
106    362
107    363
108    321
109    274
110    244
111    243
112    215
113    181
114    170
115    146
116    138
117    122
118    89
119    79
120    62
121    53
122    39
123    37
124    34
125    27
126    23
127    8
128    9
129    8
130    16
