67    9
68    3
69    5
70    9
71    7
72    7
73    13
74    13
75    16
76    16
77    26
78    38
79    34
80    63
81    43
82    72
83    58
84    82
85    71
86    113
87    110
88    111
89    145
90    156
91    151
92    171
93    199
94    197
95    207
96    217
97    251
98    228
99    231
100    283
101    219
102    247
103    240
104    224
105    247
106    211
107    211
108    158
109    168
110    183
111    151
112    136
113    129
114    102
115    117
116    79
117    76
118    52
119    60
120    40
121    33
122    48
123    37
124    18
125    13
126    15
127    13
128    6
129    8
130    5
131    6
132    5
133    12
