73    61
74    17
75    20
76    21
77    45
78    73
79    80
80    115
81    135
82    173
83    223
84    247
85    334
86    356
87    440
88    515
89    672
90    720
91    803
92    868
93    986
94    1004
95    1125
96    1149
97    1276
98    1309
99    1317
100    1321
101    1255
102    1306
103    1299
104    1225
105    1198
106    1111
107    1047
108    960
109    868
110    803
111    659
112    589
113    507
114    433
115    349
116    297
117    220
118    200
119    184
120    139
121    94
122    86
123    52
124    39
125    28
126    17
127    47
