67    18
68    5
69    5
70    7
71    8
72    17
73    16
74    23
75    22
76    26
77    38
78    55
79    53
80    59
81    67
82    88
83    92
84    117
85    148
86    141
87    155
88    184
89    193
90    233
91    231
92    266
93    287
94    304
95    307
96    315
97    356
98    395
99    316
100    354
101    367
102    386
103    335
104    348
105    351
106    287
107    310
108    249
109    275
110    255
111    246
112    193
113    192
114    134
115    146
116    153
117    129
118    99
119    84
120    66
121    64
122    60
123    42
124    43
125    28
126    22
127    21
128    19
129    10
130    6
131    8
132    5
133    20
