61    8
62    4
63    5
64    10
65    8
66    8
67    14
68    11
69    18
70    22
71    30
72    23
73    25
74    39
75    45
76    46
77    62
78    70
79    93
80    103
81    127
82    130
83    139
84    142
85    155
86    154
87    180
88    209
89    232
90    240
91    219
92    270
93    275
94    274
95    308
96    284
97    296
98    308
99    335
100    317
101    328
102    316
103    350
104    333
105    277
106    297
107    290
108    259
109    244
110    254
111    227
112    192
113    211
114    195
115    177
116    172
117    153
118    120
119    112
120    85
121    85
122    84
123    73
124    67
125    48
126    36
127    39
128    33
129    23
130    21
131    15
132    22
133    17
134    12
135    2
136    6
137    4
138    3
139    23
