61    4
62    0
63    1
64    1
65    3
66    2
67    0
68    5
69    4
70    4
71    4
72    12
73    11
74    11
75    13
76    10
77    14
78    28
79    24
80    29
81    35
82    39
83    33
84    35
85    52
86    50
87    62
88    59
89    70
90    82
91    69
92    73
93    79
94    77
95    86
96    79
97    80
98    92
99    98
100    89
101    86
102    76
103    98
104    95
105    82
106    81
107    77
108    78
109    78
110    58
111    74
112    71
113    62
114    60
115    60
116    56
117    53
118    32
119    30
120    39
121    23
122    14
123    27
124    14
125    21
126    10
127    14
128    6
129    13
130    9
131    4
132    3
133    5
134    2
135    1
136    1
137    3
138    2
139    3
