64    6
65    3
66    3
67    3
68    4
69    3
70    8
71    13
72    10
73    6
74    9
75    12
76    16
77    19
78    23
79    26
80    23
81    24
82    30
83    44
84    42
85    73
86    65
87    79
88    86
89    97
90    67
91    92
92    91
93    101
94    132
95    124
96    108
97    127
98    127
99    123
100    116
101    126
102    124
103    113
104    115
105    118
106    127
107    117
108    102
109    125
110    85
111    84
112    71
113    75
114    77
115    83
116    61
117    53
118    41
119    55
120    47
121    25
122    22
123    27
124    21
125    18
126    10
127    11
128    10
129    6
130    6
131    2
132    1
133    3
134    4
135    4
136    5
