64    17
65    6
66    3
67    11
68    7
69    13
70    19
71    18
72    27
73    29
74    34
75    49
76    60
77    57
78    68
79    92
80    108
81    129
82    139
83    131
84    171
85    200
86    223
87    243
88    247
89    266
90    301
91    322
92    340
93    341
94    334
95    394
96    428
97    380
98    406
99    465
100    436
101    457
102    415
103    425
104    425
105    405
106    412
107    394
108    326
109    342
110    298
111    285
112    275
113    279
114    231
115    181
116    191
117    167
118    150
119    134
120    126
121    83
122    82
123    77
124    65
125    52
126    54
127    49
128    27
129    29
130    18
131    14
132    13
133    10
134    5
135    3
136    23
