73    19
74    9
75    10
76    19
77    19
78    24
79    33
80    44
81    55
82    67
83    101
84    102
85    138
86    177
87    202
88    204
89    248
90    341
91    362
92    385
93    408
94    483
95    539
96    525
97    584
98    627
99    638
100    589
101    587
102    586
103    594
104    572
105    562
106    514
107    472
108    429
109    384
110    337
111    311
112    251
113    231
114    185
115    181
116    135
117    110
118    86
119    76
120    45
121    45
122    39
123    26
124    24
125    17
126    17
127    24
