73    35
74    8
75    27
76    30
77    42
78    62
79    71
80    96
81    142
82    156
83    208
84    245
85    283
86    370
87    424
88    484
89    566
90    606
91    689
92    845
93    914
94    900
95    1006
96    1096
97    1184
98    1202
99    1221
100    1244
101    1267
102    1232
103    1164
104    1199
105    1093
106    1053
107    919
108    836
109    821
110    700
111    627
112    581
113    450
114    415
115    330
116    256
117    236
118    174
119    155
120    119
121    101
122    83
123    50
124    35
125    25
126    23
127    52
