76    35
77    15
78    33
79    54
80    48
81    76
82    115
83    124
84    182
85    232
86    303
87    386
88    416
89    575
90    654
91    757
92    873
93    961
94    1079
95    1161
96    1304
97    1366
98    1455
99    1475
100    1488
101    1431
102    1535
103    1406
104    1398
105    1313
106    1191
107    1147
108    935
109    920
110    723
111    662
112    563
113    454
114    377
115    279
116    248
117    176
118    127
119    102
120    62
121    64
122    47
123    25
124    65
