70    37
71    16
72    20
73    30
74    30
75    40
76    72
77    67
78    89
79    111
80    155
81    186
82    222
83    291
84    348
85    350
86    396
87    512
88    534
89    625
90    651
91    726
92    846
93    915
94    933
95    1059
96    1140
97    1126
98    1154
99    1207
100    1239
101    1236
102    1200
103    1218
104    1144
105    1073
106    1025
107    963
108    942
109    859
110    808
111    705
112    629
113    567
114    494
115    448
116    342
117    326
118    269
119    223
120    183
121    144
122    116
123    93
124    59
125    39
126    46
127    35
128    22
129    19
130    63
