64    1
65    1
66    1
67    0
68    3
69    2
70    0
71    3
72    6
73    9
74    10
75    8
76    14
77    7
78    17
79    12
80    27
81    22
82    36
83    19
84    29
85    44
86    39
87    39
88    35
89    42
90    54
91    63
92    62
93    65
94    51
95    85
96    54
97    81
98    75
99    73
100    77
101    82
102    79
103    77
104    83
105    57
106    76
107    75
108    58
109    73
110    53
111    50
112    49
113    37
114    41
115    30
116    28
117    39
118    27
119    22
120    25
121    22
122    20
123    13
124    23
125    7
126    7
127    5
128    6
129    6
130    4
131    2
132    4
133    3
134    1
135    0
136    2
