61    4
62    1
63    2
64    1
65    6
66    5
67    1
68    2
69    7
70    8
71    3
72    9
73    13
74    11
75    15
76    19
77    33
78    17
79    27
80    32
81    33
82    43
83    49
84    51
85    48
86    61
87    56
88    94
89    79
90    86
91    111
92    95
93    95
94    85
95    105
96    112
97    101
98    116
99    104
100    96
101    135
102    124
103    107
104    103
105    119
106    110
107    108
108    90
109    87
110    101
111    92
112    84
113    67
114    76
115    64
116    54
117    56
118    45
119    37
120    40
121    43
122    16
123    22
124    23
125    20
126    14
127    14
128    18
129    11
130    9
131    5
132    6
133    2
134    5
135    4
136    2
137    2
138    0
139    4
