73    13
74    6
75    6
76    14
77    22
78    16
79    27
80    38
81    34
82    35
83    62
84    79
85    97
86    118
87    118
88    163
89    181
90    212
91    228
92    268
93    296
94    317
95    350
96    381
97    360
98    432
99    378
100    388
101    433
102    408
103    373
104    367
105    372
106    310
107    356
108    277
109    281
110    219
111    212
112    182
113    168
114    127
115    102
116    87
117    81
118    55
119    57
120    37
121    23
122    30
123    20
124    16
125    17
126    9
127    16
