61    8
62    0
63    1
64    5
65    2
66    5
67    2
68    10
69    8
70    7
71    15
72    16
73    17
74    20
75    25
76    26
77    26
78    28
79    31
80    36
81    42
82    41
83    62
84    56
85    68
86    69
87    81
88    66
89    107
90    105
91    116
92    118
93    127
94    132
95    121
96    144
97    139
98    150
99    129
100    119
101    134
102    136
103    141
104    111
105    114
106    128
107    132
108    107
109    99
110    92
111    100
112    95
113    88
114    84
115    68
116    69
117    50
118    58
119    49
120    40
121    42
122    42
123    26
124    27
125    37
126    22
127    13
128    16
129    10
130    10
131    11
132    7
133    6
134    8
135    5
136    4
137    6
138    1
139    7
