70    4
71    2
72    0
73    4
74    4
75    4
76    4
77    8
78    6
79    15
80    9
81    24
82    24
83    34
84    44
85    52
86    43
87    63
88    57
89    68
90    78
91    87
92    83
93    116
94    117
95    121
96    123
97    122
98    150
99    124
100    155
101    130
102    148
103    163
104    154
105    131
106    119
107    96
108    96
109    85
110    69
111    86
112    71
113    48
114    52
115    55
116    36
117    27
118    30
119    22
120    22
121    17
122    20
123    10
124    10
125    10
126    6
127    5
128    3
129    4
130    5
