61    4
62    3
63    0
64    1
65    2
66    2
67    4
68    5
69    10
70    14
71    8
72    15
73    13
74    12
75    22
76    25
77    23
78    25
79    29
80    32
81    30
82    29
83    41
84    45
85    61
86    73
87    72
88    76
89    75
90    80
91    86
92    83
93    87
94    98
95    106
96    108
97    113
98    98
99    107
100    121
101    111
102    136
103    119
104    110
105    118
106    89
107    79
108    110
109    94
110    85
111    96
112    68
113    77
114    53
115    63
116    45
117    40
118    53
119    44
120    42
121    30
122    24
123    26
124    30
125    15
126    23
127    16
128    11
129    5
130    4
131    6
132    1
133    2
134    5
135    2
136    2
137    2
138    1
139    9
