64    15
65    4
66    3
67    9
68    7
69    8
70    8
71    9
72    11
73    23
74    28
75    23
76    30
77    45
78    37
79    55
80    55
81    73
82    67
83    88
84    95
85    119
86    131
87    125
88    144
89    180
90    173
91    200
92    195
93    189
94    192
95    208
96    251
97    239
98    251
99    232
100    219
101    262
102    238
103    234
104    256
105    225
106    237
107    246
108    217
109    232
110    186
111    164
112    177
113    143
114    137
115    139
116    99
117    110
118    87
119    85
120    71
121    58
122    55
123    59
124    42
125    26
126    33
127    21
128    12
129    13
130    10
131    10
132    8
133    8
134    6
135    4
136    11
