70    2
71    1
72    1
73    0
74    1
75    1
76    2
77    3
78    5
79    5
80    5
81    5
82    8
83    5
84    8
85    11
86    11
87    10
88    11
89    21
90    20
91    14
92    19
93    25
94    28
95    26
96    35
97    35
98    35
99    36
100    37
101    42
102    40
103    36
104    33
105    25
106    21
107    38
108    24
109    26
110    17
111    20
112    12
113    28
114    20
115    10
116    9
117    9
118    4
119    3
120    3
121    4
122    2
123    4
124    0
125    1
126    1
127    3
128    2
129    2
130    3
