58    7
59    2
60    1
61    0
62    1
63    2
64    2
65    3
66    4
67    4
68    9
69    5
70    11
71    14
72    9
73    12
74    19
75    19
76    19
77    25
78    21
79    20
80    40
81    28
82    33
83    32
84    55
85    46
86    47
87    64
88    48
89    64
90    62
91    71
92    79
93    60
94    68
95    84
96    85
97    71
98    72
99    106
100    102
101    95
102    93
103    72
104    83
105    83
106    90
107    72
108    79
109    67
110    69
111    65
112    61
113    67
114    50
115    45
116    47
117    38
118    41
119    36
120    31
121    43
122    18
123    16
124    10
125    22
126    18
127    24
128    13
129    10
130    10
131    14
132    6
133    5
134    3
135    3
136    2
137    5
138    4
139    0
140    2
141    0
142    2
