61    14
62    3
63    5
64    6
65    3
66    10
67    12
68    15
69    19
70    14
71    13
72    26
73    28
74    35
75    37
76    47
77    54
78    54
79    84
80    99
81    95
82    111
83    131
84    145
85    133
86    158
87    162
88    188
89    196
90    206
91    224
92    240
93    221
94    250
95    269
96    288
97    279
98    272
99    289
100    277
101    280
102    282
103    272
104    274
105    251
106    261
107    247
108    255
109    247
110    211
111    210
112    206
113    199
114    192
115    143
116    109
117    119
118    120
119    108
120    89
121    79
122    72
123    69
124    56
125    61
126    47
127    34
128    28
129    30
130    23
131    22
132    19
133    18
134    6
135    7
136    9
137    7
138    3
139    11
