64    69
65    11
66    21
67    38
68    38
69    51
70    77
71    69
72    109
73    102
74    113
75    164
76    212
77    210
78    296
79    314
80    352
81    429
82    489
83    539
84    560
85    689
86    766
87    818
88    876
89    955
90    1030
91    1133
92    1173
93    1246
94    1395
95    1402
96    1499
97    1527
98    1525
99    1609
100    1618
101    1559
102    1509
103    1464
104    1471
105    1458
106    1382
107    1380
108    1216
109    1209
110    1150
111    1127
112    985
113    940
114    790
115    802
116    658
117    621
118    532
119    464
120    405
121    383
122    307
123    281
124    214
125    209
126    180
127    111
128    107
129    88
130    84
131    64
132    52
133    39
134    34
135    25
136    97
