76    41
77    20
78    28
79    35
80    50
81    54
82    100
83    129
84    138
85    196
86    293
87    323
88    425
89    460
90    561
91    639
92    704
93    829
94    991
95    1033
96    1171
97    1122
98    1204
99    1274
100    1298
101    1239
102    1256
103    1258
104    1187
105    1119
106    1014
107    948
108    866
109    793
110    586
111    542
112    456
113    372
114    280
115    242
116    195
117    177
118    119
119    83
120    69
121    45
122    39
123    21
124    48
