58    6
59    0
60    0
61    0
62    2
63    0
64    2
65    0
66    5
67    3
68    7
69    6
70    4
71    3
72    10
73    8
74    8
75    9
76    14
77    6
78    15
79    13
80    21
81    18
82    27
83    22
84    30
85    26
86    32
87    35
88    32
89    35
90    51
91    30
92    44
93    40
94    50
95    57
96    43
97    48
98    46
99    41
100    55
101    55
102    45
103    52
104    36
105    60
106    36
107    44
108    39
109    41
110    42
111    34
112    31
113    52
114    37
115    28
116    23
117    27
118    29
119    17
120    27
121    19
122    24
123    17
124    21
125    13
126    6
127    7
128    5
129    9
130    9
131    2
132    3
133    6
134    6
135    3
136    3
137    3
138    4
139    2
140    3
141    2
142    3
