58    6
59    2
60    0
61    0
62    5
63    4
64    6
65    4
66    11
67    5
68    9
69    11
70    15
71    11
72    24
73    18
74    14
75    25
76    18
77    36
78    34
79    47
80    36
81    49
82    62
83    47
84    72
85    65
86    76
87    81
88    67
89    79
90    95
91    92
92    88
93    76
94    116
95    109
96    124
97    133
98    130
99    139
100    113
101    116
102    108
103    122
104    106
105    95
106    128
107    89
108    94
109    94
110    97
111    91
112    93
113    92
114    86
115    54
116    73
117    43
118    37
119    52
120    61
121    45
122    37
123    32
124    30
125    29
126    23
127    19
128    20
129    16
130    16
131    15
132    9
133    13
134    3
135    5
136    4
137    6
138    3
139    1
140    2
141    2
142    8
