70    14
71    9
72    8
73    13
74    11
75    16
76    29
77    30
78    44
79    63
80    63
81    58
82    94
83    132
84    133
85    163
86    182
87    222
88    260
89    311
90    279
91    353
92    389
93    408
94    442
95    457
96    444
97    521
98    550
99    552
100    550
101    590
102    555
103    532
104    521
105    528
106    480
107    457
108    414
109    409
110    355
111    317
112    263
113    244
114    234
115    184
116    158
117    134
118    111
119    100
120    95
121    70
122    53
123    52
124    29
125    22
126    22
127    20
128    15
129    4
130    24
