61    3
62    0
63    4
64    2
65    1
66    1
67    1
68    4
69    2
70    1
71    2
72    6
73    7
74    8
75    7
76    7
77    5
78    10
79    16
80    21
81    18
82    23
83    20
84    20
85    28
86    27
87    20
88    26
89    33
90    35
91    51
92    36
93    37
94    40
95    50
96    52
97    42
98    44
99    38
100    59
101    45
102    49
103    37
104    44
105    37
106    38
107    45
108    37
109    34
110    41
111    36
112    34
113    36
114    32
115    30
116    19
117    17
118    23
119    21
120    11
121    19
122    11
123    11
124    8
125    11
126    4
127    2
128    3
129    2
130    3
131    4
132    3
133    2
134    3
135    0
136    2
137    1
138    2
139    4
