61    30
62    2
63    9
64    13
65    19
66    23
67    31
68    23
69    44
70    44
71    67
72    60
73    70
74    98
75    126
76    107
77    154
78    164
79    193
80    197
81    232
82    271
83    260
84    336
85    356
86    416
87    429
88    433
89    463
90    524
91    539
92    555
93    654
94    612
95    650
96    683
97    663
98    705
99    671
100    713
101    699
102    717
103    733
104    706
105    670
106    675
107    660
108    608
109    577
110    596
111    538
112    474
113    471
114    433
115    376
116    341
117    313
118    297
119    285
120    247
121    208
122    172
123    166
124    125
125    141
126    92
127    77
128    75
129    56
130    49
131    45
132    35
133    38
134    25
135    18
136    18
137    12
138    15
139    38
