73    4
74    2
75    3
76    2
77    3
78    9
79    9
80    8
81    17
82    20
83    22
84    29
85    36
86    40
87    37
88    46
89    58
90    67
91    79
92    96
93    80
94    99
95    123
96    113
97    124
98    133
99    116
100    128
101    141
102    133
103    152
104    127
105    120
106    116
107    89
108    95
109    81
110    89
111    67
112    57
113    47
114    42
115    34
116    34
117    26
118    20
119    9
120    15
121    8
122    13
123    5
124    2
125    4
126    3
127    8
