64    60
65    18
66    27
67    23
68    42
69    47
70    65
71    59
72    100
73    95
74    132
75    161
76    172
77    209
78    233
79    274
80    342
81    358
82    406
83    486
84    556
85    630
86    664
87    693
88    768
89    900
90    1000
91    1067
92    1126
93    1121
94    1131
95    1283
96    1343
97    1348
98    1395
99    1388
100    1355
101    1412
102    1418
103    1377
104    1379
105    1290
106    1269
107    1211
108    1154
109    1063
110    1033
111    941
112    870
113    829
114    767
115    669
116    594
117    556
118    499
119    376
120    376
121    351
122    270
123    263
124    233
125    159
126    132
127    130
128    79
129    97
130    76
131    59
132    35
133    39
134    29
135    26
136    90
