73    19
74    3
75    13
76    14
77    10
78    26
79    30
80    40
81    37
82    64
83    83
84    108
85    136
86    128
87    156
88    205
89    226
90    271
91    284
92    357
93    356
94    396
95    435
96    461
97    476
98    478
99    544
100    543
101    558
102    467
103    514
104    496
105    533
106    463
107    402
108    375
109    330
110    311
111    275
112    219
113    208
114    182
115    131
116    133
117    91
118    79
119    70
120    52
121    36
122    32
123    16
124    19
125    12
126    8
127    24
