67    6
68    2
69    1
70    4
71    5
72    6
73    3
74    15
75    9
76    10
77    12
78    17
79    28
80    23
81    26
82    43
83    44
84    52
85    60
86    56
87    58
88    82
89    74
90    76
91    109
92    123
93    127
94    122
95    123
96    139
97    139
98    131
99    127
100    123
101    160
102    146
103    117
104    120
105    112
106    127
107    122
108    129
109    120
110    114
111    98
112    74
113    66
114    70
115    58
116    56
117    43
118    43
119    33
120    31
121    26
122    29
123    17
124    20
125    12
126    10
127    9
128    12
129    6
130    2
131    4
132    3
133    10
