73    7
74    4
75    1
76    9
77    9
78    9
79    21
80    19
81    21
82    34
83    35
84    54
85    50
86    73
87    74
88    110
89    135
90    141
91    165
92    156
93    191
94    206
95    232
96    215
97    270
98    284
99    258
100    263
101    294
102    278
103    254
104    246
105    232
106    244
107    201
108    213
109    179
110    147
111    140
112    121
113    109
114    91
115    69
116    45
117    58
118    38
119    31
120    26
121    11
122    16
123    12
124    7
125    7
126    6
127    9
