67    9
68    2
69    4
70    7
71    5
72    5
73    8
74    13
75    12
76    19
77    20
78    17
79    33
80    32
81    43
82    62
83    62
84    63
85    98
86    88
87    85
88    117
89    142
90    132
91    173
92    150
93    146
94    175
95    170
96    182
97    178
98    188
99    191
100    215
101    212
102    195
103    210
104    212
105    183
106    181
107    179
108    167
109    151
110    126
111    124
112    118
113    122
114    85
115    84
116    84
117    66
118    41
119    51
120    35
121    27
122    30
123    17
124    16
125    17
126    7
127    11
128    9
129    7
130    4
131    4
132    3
133    9
