70    0
71    3
72    1
73    1
74    1
75    2
76    8
77    2
78    3
79    8
80    12
81    10
82    18
83    18
84    17
85    28
86    29
87    40
88    34
89    47
90    52
91    59
92    49
93    60
94    59
95    72
96    70
97    69
98    75
99    87
100    90
101    78
102    89
103    72
104    77
105    68
106    83
107    68
108    67
109    53
110    45
111    54
112    46
113    28
114    46
115    37
116    28
117    26
118    29
119    8
120    17
121    8
122    7
123    11
124    8
125    4
126    1
127    3
128    2
129    1
130    3
