58    14
59    6
60    5
61    13
62    14
63    7
64    14
65    10
66    28
67    20
68    21
69    21
70    25
71    38
72    39
73    48
74    58
75    67
76    58
77    84
78    109
79    97
80    106
81    126
82    151
83    165
84    144
85    169
86    198
87    189
88    192
89    241
90    242
91    275
92    236
93    283
94    294
95    289
96    298
97    304
98    333
99    350
100    324
101    324
102    315
103    311
104    308
105    276
106    290
107    282
108    286
109    273
110    257
111    254
112    220
113    191
114    200
115    177
116    181
117    157
118    135
119    144
120    105
121    116
122    100
123    84
124    77
125    63
126    79
127    50
128    44
129    38
130    30
131    22
132    26
133    22
134    19
135    17
136    12
137    22
138    12
139    9
140    8
141    5
142    16
