58    2
59    0
60    0
61    2
62    3
63    1
64    0
65    4
66    0
67    2
68    4
69    2
70    5
71    7
72    6
73    9
74    4
75    4
76    10
77    14
78    10
79    15
80    16
81    13
82    19
83    24
84    29
85    39
86    23
87    30
88    34
89    32
90    39
91    51
92    51
93    46
94    51
95    35
96    53
97    42
98    51
99    50
100    57
101    48
102    45
103    56
104    51
105    48
106    49
107    44
108    45
109    47
110    26
111    25
112    38
113    39
114    33
115    33
116    31
117    12
118    24
119    20
120    20
121    14
122    11
123    16
124    15
125    8
126    11
127    4
128    4
129    4
130    5
131    4
132    2
133    2
134    3
135    1
136    3
137    1
138    1
139    0
140    1
141    2
142    2
