73    22
74    14
75    15
76    21
77    29
78    49
79    54
80    62
81    79
82    94
83    140
84    144
85    178
86    212
87    279
88    332
89    364
90    430
91    490
92    515
93    591
94    628
95    671
96    728
97    836
98    824
99    831
100    829
101    786
102    865
103    789
104    780
105    707
106    642
107    631
108    553
109    543
110    498
111    392
112    365
113    322
114    263
115    221
116    202
117    170
118    126
119    126
120    79
121    59
122    53
123    34
124    24
125    25
126    20
127    32
