58    17
59    4
60    3
61    4
62    9
63    7
64    10
65    12
66    21
67    21
68    24
69    34
70    36
71    29
72    44
73    43
74    52
75    61
76    86
77    59
78    88
79    94
80    118
81    119
82    140
83    158
84    197
85    163
86    208
87    191
88    249
89    261
90    270
91    296
92    293
93    315
94    327
95    295
96    354
97    342
98    332
99    340
100    326
101    339
102    340
103    383
104    332
105    324
106    315
107    307
108    309
109    281
110    270
111    246
112    245
113    210
114    219
115    209
116    156
117    189
118    171
119    163
120    130
121    103
122    113
123    103
124    89
125    66
126    65
127    52
128    39
129    38
130    33
131    30
132    29
133    36
134    20
135    10
136    12
137    6
138    8
139    8
140    12
141    2
142    25
