67    32
68    12
69    10
70    15
71    13
72    28
73    24
74    30
75    42
76    52
77    54
78    77
79    103
80    125
81    107
82    176
83    177
84    269
85    250
86    302
87    308
88    392
89    420
90    438
91    479
92    530
93    508
94    603
95    629
96    650
97    582
98    684
99    654
100    677
101    678
102    606
103    660
104    641
105    628
106    647
107    539
108    531
109    512
110    479
111    440
112    405
113    348
114    308
115    277
116    250
117    212
118    194
119    165
120    150
121    144
122    89
123    82
124    85
125    44
126    43
127    37
128    32
129    18
130    19
131    11
132    9
133    33
