67    2
68    1
69    0
70    1
71    3
72    1
73    3
74    1
75    5
76    8
77    11
78    13
79    7
80    10
81    7
82    18
83    21
84    31
85    18
86    29
87    29
88    35
89    39
90    43
91    34
92    41
93    57
94    50
95    59
96    64
97    58
98    71
99    52
100    80
101    62
102    66
103    70
104    75
105    59
106    60
107    53
108    52
109    42
110    38
111    50
112    43
113    38
114    33
115    25
116    31
117    17
118    23
119    19
120    6
121    7
122    20
123    6
124    5
125    3
126    8
127    8
128    0
129    4
130    1
131    0
132    0
133    3
