73    11
74    4
75    3
76    12
77    15
78    24
79    27
80    32
81    44
82    58
83    66
84    71
85    98
86    124
87    143
88    147
89    190
90    248
91    268
92    323
93    329
94    395
95    350
96    348
97    404
98    389
99    440
100    428
101    427
102    434
103    393
104    365
105    402
106    361
107    334
108    300
109    271
110    247
111    199
112    194
113    163
114    132
115    135
116    114
117    94
118    74
119    57
120    49
121    22
122    21
123    22
124    16
125    9
126    5
127    23
