73    1
74    1
75    0
76    2
77    3
78    2
79    3
80    8
81    7
82    11
83    14
84    18
85    15
86    30
87    31
88    25
89    40
90    39
91    43
92    56
93    58
94    70
95    69
96    86
97    69
98    77
99    75
100    71
101    91
102    81
103    73
104    84
105    69
106    72
107    55
108    68
109    64
110    48
111    34
112    18
113    45
114    28
115    31
116    26
117    9
118    15
119    10
120    8
121    6
122    6
123    6
124    2
125    1
126    2
127    1
