64    7
65    2
66    1
67    1
68    4
69    4
70    5
71    3
72    1
73    2
74    6
75    13
76    14
77    17
78    21
79    24
80    17
81    33
82    29
83    32
84    39
85    47
86    40
87    64
88    48
89    68
90    76
91    62
92    64
93    84
94    92
95    77
96    101
97    100
98    100
99    113
100    123
101    90
102    115
103    103
104    102
105    98
106    79
107    93
108    75
109    81
110    69
111    65
112    68
113    49
114    52
115    53
116    49
117    36
118    30
119    35
120    27
121    27
122    17
123    12
124    16
125    9
126    5
127    11
128    9
129    5
130    8
131    2
132    3
133    2
134    3
135    2
136    6
