58    2
59    0
60    1
61    0
62    2
63    1
64    2
65    2
66    6
67    2
68    3
69    6
70    5
71    4
72    7
73    8
74    10
75    10
76    16
77    11
78    14
79    18
80    19
81    23
82    27
83    34
84    25
85    32
86    30
87    38
88    39
89    42
90    41
91    42
92    59
93    34
94    58
95    62
96    50
97    65
98    68
99    55
100    63
101    59
102    57
103    70
104    73
105    63
106    52
107    54
108    50
109    62
110    37
111    42
112    42
113    38
114    27
115    42
116    26
117    26
118    27
119    19
120    18
121    25
122    19
123    13
124    16
125    15
126    7
127    11
128    15
129    9
130    7
131    3
132    6
133    5
134    3
135    1
136    4
137    2
138    1
139    2
140    1
141    2
142    4
