73    15
74    6
75    12
76    12
77    23
78    20
79    31
80    35
81    54
82    65
83    70
84    95
85    135
86    168
87    184
88    246
89    224
90    240
91    288
92    353
93    384
94    426
95    424
96    458
97    469
98    516
99    478
100    498
101    556
102    537
103    467
104    510
105    459
106    433
107    417
108    344
109    338
110    301
111    256
112    226
113    197
114    180
115    146
116    133
117    133
118    81
119    61
120    63
121    41
122    28
123    30
124    16
125    12
126    7
127    23
