61    16
62    3
63    7
64    5
65    1
66    13
67    16
68    19
69    20
70    13
71    15
72    29
73    28
74    29
75    41
76    46
77    64
78    62
79    60
80    81
81    102
82    105
83    108
84    125
85    129
86    145
87    168
88    186
89    185
90    202
91    224
92    259
93    210
94    232
95    259
96    280
97    247
98    264
99    281
100    257
101    286
102    323
103    272
104    269
105    251
106    249
107    280
108    231
109    250
110    212
111    205
112    183
113    183
114    155
115    149
116    136
117    146
118    115
119    102
120    81
121    89
122    90
123    60
124    51
125    40
126    31
127    39
128    36
129    22
130    22
131    20
132    15
133    12
134    13
135    10
136    8
137    3
138    3
139    17
