61    25
62    5
63    3
64    12
65    17
66    9
67    16
68    16
69    26
70    19
71    34
72    37
73    42
74    50
75    63
76    80
77    77
78    123
79    109
80    127
81    140
82    135
83    185
84    222
85    202
86    214
87    268
88    294
89    264
90    320
91    314
92    347
93    353
94    384
95    402
96    422
97    399
98    408
99    417
100    415
101    420
102    446
103    402
104    418
105    424
106    369
107    390
108    362
109    356
110    345
111    297
112    302
113    262
114    247
115    239
116    203
117    212
118    174
119    155
120    168
121    138
122    123
123    110
124    83
125    62
126    62
127    59
128    32
129    29
130    31
131    25
132    19
133    28
134    25
135    16
136    11
137    9
138    10
139    18
