67    21
68    9
69    7
70    15
71    14
72    20
73    21
74    33
75    33
76    44
77    69
78    65
79    80
80    77
81    102
82    124
83    128
84    167
85    204
86    212
87    218
88    254
89    332
90    314
91    322
92    364
93    416
94    409
95    473
96    426
97    497
98    481
99    458
100    457
101    507
102    471
103    459
104    507
105    409
106    450
107    405
108    388
109    350
110    319
111    310
112    259
113    276
114    230
115    228
116    168
117    154
118    135
119    105
120    103
121    92
122    91
123    76
124    51
125    36
126    32
127    22
128    20
129    13
130    18
131    13
132    9
133    28
