67    1
68    2
69    2
70    1
71    1
72    4
73    2
74    2
75    3
76    2
77    10
78    4
79    8
80    15
81    11
82    15
83    22
84    21
85    23
86    22
87    29
88    43
89    34
90    39
91    29
92    47
93    38
94    48
95    53
96    67
97    65
98    64
99    54
100    66
101    58
102    57
103    71
104    73
105    57
106    62
107    44
108    56
109    54
110    41
111    41
112    31
113    39
114    31
115    31
116    22
117    21
118    18
119    12
120    14
121    14
122    8
123    16
124    5
125    2
126    5
127    2
128    1
129    2
130    0
131    1
132    0
133    1
