73    9
74    5
75    4
76    9
77    6
78    12
79    15
80    14
81    29
82    16
83    28
84    34
85    42
86    61
87    79
88    68
89    78
90    97
91    120
92    131
93    139
94    154
95    177
96    198
97    187
98    182
99    176
100    222
101    202
102    197
103    170
104    202
105    184
106    160
107    168
108    140
109    150
110    123
111    94
112    99
113    78
114    64
115    55
116    45
117    37
118    32
119    27
120    15
121    14
122    12
123    6
124    8
125    6
126    6
127    11
