58    17
59    3
60    2
61    6
62    7
63    7
64    9
65    11
66    16
67    19
68    19
69    24
70    20
71    32
72    50
73    49
74    45
75    62
76    61
77    74
78    73
79    78
80    109
81    131
82    124
83    132
84    135
85    147
86    173
87    208
88    199
89    208
90    238
91    236
92    257
93    270
94    293
95    287
96    279
97    290
98    321
99    300
100    300
101    277
102    288
103    304
104    279
105    297
106    292
107    262
108    254
109    240
110    236
111    227
112    210
113    191
114    206
115    182
116    176
117    148
118    146
119    143
120    114
121    97
122    89
123    69
124    74
125    64
126    60
127    51
128    47
129    41
130    39
131    32
132    15
133    26
134    11
135    15
136    10
137    6
138    5
139    5
140    10
141    4
142    15
