67    16
68    0
69    7
70    10
71    5
72    10
73    32
74    22
75    34
76    30
77    44
78    47
79    83
80    74
81    96
82    109
83    137
84    147
85    171
86    180
87    194
88    207
89    245
90    254
91    275
92    326
93    376
94    362
95    386
96    443
97    446
98    466
99    423
100    438
101    426
102    442
103    445
104    369
105    414
106    394
107    350
108    323
109    342
110    302
111    279
112    259
113    230
114    215
115    191
116    165
117    145
118    116
119    93
120    83
121    74
122    57
123    67
124    49
125    36
126    23
127    18
128    14
129    16
130    13
131    12
132    6
133    26
