73    5
74    2
75    3
76    3
77    3
78    3
79    13
80    7
81    13
82    14
83    21
84    33
85    34
86    35
87    36
88    48
89    64
90    78
91    70
92    91
93    87
94    96
95    116
96    99
97    132
98    124
99    145
100    153
101    136
102    111
103    121
104    129
105    122
106    112
107    113
108    99
109    72
110    63
111    66
112    61
113    47
114    40
115    34
116    42
117    31
118    21
119    18
120    11
121    15
122    10
123    9
124    4
125    1
126    2
127    4
