70    4
71    3
72    3
73    4
74    1
75    2
76    4
77    14
78    9
79    8
80    8
81    15
82    24
83    16
84    27
85    34
86    36
87    45
88    43
89    55
90    62
91    73
92    74
93    73
94    104
95    83
96    89
97    83
98    90
99    105
100    95
101    125
102    89
103    104
104    92
105    92
106    89
107    69
108    95
109    73
110    69
111    61
112    66
113    48
114    38
115    46
116    38
117    25
118    17
119    15
120    20
121    9
122    9
123    6
124    6
125    7
126    7
127    3
128    2
129    1
130    7
