58    23
59    7
60    4
61    14
62    7
63    6
64    13
65    14
66    21
67    28
68    37
69    35
70    36
71    51
72    50
73    62
74    74
75    87
76    87
77    121
78    118
79    138
80    142
81    166
82    169
83    200
84    207
85    239
86    224
87    278
88    285
89    326
90    330
91    358
92    345
93    350
94    377
95    382
96    416
97    421
98    466
99    412
100    411
101    427
102    441
103    371
104    417
105    378
106    392
107    356
108    363
109    384
110    389
111    351
112    303
113    305
114    287
115    248
116    231
117    214
118    212
119    182
120    173
121    148
122    122
123    124
124    118
125    91
126    75
127    74
128    66
129    48
130    61
131    27
132    39
133    23
134    29
135    21
136    14
137    18
138    11
139    6
140    3
141    8
142    24
