73    11
74    3
75    9
76    6
77    17
78    12
79    18
80    22
81    25
82    36
83    68
84    59
85    82
86    80
87    123
88    166
89    162
90    196
91    237
92    222
93    268
94    318
95    267
96    345
97    347
98    370
99    326
100    392
101    371
102    388
103    368
104    322
105    292
106    328
107    273
108    265
109    276
110    209
111    178
112    164
113    164
114    130
115    138
116    88
117    62
118    45
119    42
120    35
121    35
122    27
123    16
124    13
125    7
126    8
127    15
