64    8
65    5
66    6
67    6
68    5
69    11
70    15
71    13
72    21
73    21
74    29
75    31
76    49
77    45
78    53
79    63
80    78
81    60
82    73
83    98
84    114
85    134
86    141
87    164
88    144
89    158
90    232
91    201
92    242
93    248
94    247
95    253
96    303
97    299
98    281
99    299
100    296
101    285
102    301
103    320
104    297
105    277
106    280
107    237
108    250
109    236
110    199
111    169
112    196
113    176
114    158
115    152
116    147
117    102
118    107
119    100
120    76
121    75
122    48
123    55
124    46
125    39
126    34
127    19
128    27
129    24
130    14
131    17
132    11
133    10
134    4
135    3
136    14
