64    23
65    6
66    11
67    12
68    14
69    15
70    23
71    25
72    36
73    36
74    46
75    59
76    75
77    89
78    91
79    98
80    143
81    162
82    179
83    223
84    230
85    251
86    309
87    343
88    375
89    390
90    414
91    458
92    465
93    531
94    543
95    519
96    584
97    600
98    561
99    597
100    624
101    615
102    624
103    595
104    581
105    566
106    588
107    543
108    468
109    456
110    486
111    374
112    376
113    377
114    322
115    305
116    278
117    222
118    216
119    227
120    168
121    142
122    135
123    101
124    99
125    67
126    67
127    49
128    45
129    33
130    28
131    24
132    21
133    10
134    16
135    8
136    32
