61    25
62    3
63    9
64    10
65    5
66    12
67    19
68    18
69    25
70    30
71    39
72    45
73    44
74    47
75    66
76    71
77    92
78    99
79    118
80    144
81    141
82    160
83    207
84    207
85    265
86    235
87    305
88    299
89    292
90    352
91    356
92    385
93    411
94    421
95    477
96    408
97    471
98    467
99    459
100    461
101    497
102    485
103    500
104    443
105    453
106    416
107    370
108    406
109    391
110    336
111    313
112    327
113    281
114    246
115    250
116    233
117    203
118    200
119    166
120    161
121    103
122    128
123    117
124    95
125    83
126    86
127    60
128    60
129    26
130    34
131    24
132    35
133    21
134    20
135    13
136    15
137    8
138    3
139    17
