67    2
68    1
69    0
70    1
71    3
72    0
73    0
74    1
75    1
76    3
77    0
78    4
79    3
80    4
81    7
82    3
83    5
84    11
85    7
86    9
87    6
88    8
89    12
90    19
91    9
92    15
93    16
94    18
95    20
96    11
97    26
98    13
99    21
100    19
101    16
102    25
103    21
104    17
105    18
106    10
107    12
108    17
109    11
110    16
111    12
112    5
113    7
114    12
115    10
116    7
117    8
118    5
119    2
120    2
121    1
122    2
123    2
124    0
125    0
126    2
127    1
128    0
129    0
130    0
131    1
132    0
133    2
