58    15
59    6
60    9
61    2
62    7
63    12
64    15
65    19
66    17
67    31
68    32
69    37
70    38
71    45
72    52
73    50
74    62
75    71
76    84
77    86
78    105
79    118
80    113
81    138
82    155
83    182
84    185
85    211
86    203
87    226
88    251
89    284
90    243
91    293
92    320
93    329
94    337
95    349
96    332
97    356
98    331
99    369
100    353
101    374
102    354
103    357
104    352
105    356
106    319
107    344
108    353
109    316
110    283
111    270
112    259
113    243
114    231
115    221
116    185
117    206
118    149
119    156
120    127
121    129
122    97
123    121
124    93
125    62
126    52
127    62
128    44
129    46
130    39
131    38
132    33
133    26
134    33
135    22
136    15
137    13
138    4
139    4
140    3
141    9
142    24
