58    15
59    10
60    3
61    6
62    7
63    5
64    13
65    18
66    12
67    17
68    23
69    24
70    26
71    49
72    31
73    54
74    56
75    66
76    73
77    78
78    91
79    112
80    113
81    102
82    133
83    144
84    197
85    168
86    188
87    201
88    217
89    237
90    254
91    281
92    301
93    281
94    316
95    302
96    334
97    313
98    325
99    346
100    369
101    341
102    351
103    322
104    332
105    351
106    323
107    306
108    293
109    267
110    249
111    256
112    226
113    251
114    208
115    198
116    163
117    168
118    151
119    160
120    132
121    134
122    97
123    97
124    87
125    84
126    69
127    58
128    56
129    40
130    38
131    33
132    16
133    37
134    27
135    22
136    18
137    15
138    9
139    6
140    7
141    4
142    11
