61    32
62    3
63    11
64    15
65    17
66    17
67    22
68    27
69    39
70    58
71    54
72    66
73    69
74    89
75    83
76    115
77    119
78    160
79    175
80    178
81    193
82    243
83    283
84    289
85    336
86    378
87    407
88    434
89    465
90    496
91    510
92    603
93    594
94    586
95    589
96    570
97    628
98    609
99    626
100    658
101    677
102    677
103    670
104    660
105    659
106    594
107    568
108    526
109    536
110    520
111    499
112    456
113    384
114    395
115    375
116    332
117    303
118    274
119    240
120    197
121    179
122    182
123    155
124    128
125    96
126    87
127    89
128    72
129    64
130    42
131    51
132    41
133    35
134    18
135    14
136    21
137    15
138    16
139    34
