64    7
65    2
66    3
67    1
68    7
69    5
70    4
71    6
72    7
73    3
74    11
75    15
76    13
77    17
78    25
79    37
80    42
81    38
82    37
83    40
84    60
85    64
86    53
87    78
88    85
89    75
90    99
91    100
92    109
93    114
94    109
95    145
96    130
97    141
98    131
99    137
100    139
101    145
102    133
103    123
104    136
105    132
106    134
107    116
108    111
109    124
110    112
111    65
112    83
113    85
114    81
115    76
116    77
117    52
118    61
119    38
120    30
121    30
122    44
123    26
124    27
125    17
126    13
127    9
128    7
129    15
130    8
131    7
132    5
133    0
134    3
135    1
136    8
