76    29
77    16
78    23
79    35
80    31
81    57
82    83
83    108
84    144
85    173
86    226
87    301
88    304
89    433
90    449
91    573
92    641
93    758
94    851
95    868
96    1050
97    1020
98    1124
99    1185
100    1176
101    1148
102    1210
103    1136
104    1044
105    1034
106    904
107    833
108    729
109    668
110    563
111    487
112    429
113    359
114    298
115    214
116    193
117    144
118    119
119    71
120    85
121    48
122    24
123    22
124    40
