73    6
74    5
75    4
76    6
77    3
78    11
79    12
80    13
81    13
82    15
83    32
84    29
85    52
86    48
87    65
88    81
89    87
90    114
91    114
92    152
93    155
94    173
95    194
96    146
97    175
98    179
99    195
100    217
101    188
102    205
103    193
104    180
105    142
106    166
107    158
108    128
109    143
110    116
111    108
112    91
113    77
114    72
115    47
116    40
117    43
118    32
119    23
120    20
121    10
122    10
123    11
124    5
125    11
126    8
127    10
