64    46
65    20
66    21
67    27
68    36
69    35
70    59
71    60
72    69
73    95
74    123
75    129
76    147
77    183
78    211
79    238
80    298
81    325
82    390
83    415
84    503
85    567
86    623
87    673
88    722
89    773
90    783
91    864
92    923
93    1010
94    1111
95    1148
96    1187
97    1193
98    1250
99    1213
100    1205
101    1306
102    1257
103    1242
104    1190
105    1148
106    1067
107    1153
108    975
109    979
110    876
111    861
112    761
113    717
114    721
115    605
116    588
117    488
118    417
119    393
120    352
121    307
122    231
123    223
124    174
125    148
126    111
127    116
128    97
129    87
130    55
131    41
132    26
133    39
134    29
135    28
136    53
