70    13
71    5
72    8
73    11
74    10
75    9
76    10
77    16
78    18
79    28
80    35
81    49
82    44
83    65
84    85
85    86
86    103
87    100
88    140
89    159
90    177
91    196
92    182
93    216
94    228
95    254
96    298
97    303
98    290
99    306
100    273
101    321
102    273
103    284
104    281
105    294
106    235
107    252
108    201
109    172
110    173
111    177
112    170
113    141
114    111
115    95
116    90
117    56
118    58
119    52
120    36
121    35
122    35
123    26
124    14
125    15
126    11
127    9
128    12
129    6
130    17
