73    18
74    8
75    11
76    16
77    19
78    33
79    28
80    47
81    50
82    61
83    78
84    98
85    123
86    147
87    156
88    195
89    224
90    252
91    320
92    376
93    398
94    388
95    429
96    481
97    521
98    502
99    550
100    571
101    507
102    551
103    543
104    490
105    442
106    450
107    412
108    350
109    328
110    339
111    264
112    232
113    222
114    158
115    156
116    112
117    83
118    89
119    59
120    54
121    30
122    34
123    16
124    21
125    16
126    8
127    23
