64    32
65    15
66    15
67    21
68    15
69    29
70    36
71    32
72    69
73    70
74    96
75    94
76    130
77    129
78    175
79    196
80    224
81    252
82    293
83    330
84    419
85    393
86    433
87    521
88    516
89    619
90    676
91    677
92    725
93    747
94    783
95    805
96    868
97    868
98    954
99    918
100    926
101    930
102    948
103    899
104    900
105    884
106    827
107    824
108    749
109    706
110    679
111    653
112    566
113    515
114    464
115    469
116    437
117    358
118    335
119    269
120    238
121    218
122    209
123    152
124    144
125    117
126    99
127    95
128    70
129    53
130    46
131    38
132    36
133    34
134    14
135    19
136    57
