70    17
71    6
72    7
73    10
74    13
75    20
76    25
77    25
78    42
79    44
80    46
81    80
82    89
83    102
84    121
85    139
86    155
87    200
88    227
89    259
90    295
91    313
92    300
93    350
94    363
95    378
96    418
97    481
98    449
99    485
100    490
101    507
102    476
103    471
104    424
105    425
106    425
107    378
108    364
109    324
110    318
111    267
112    258
113    230
114    202
115    165
116    124
117    114
118    104
119    85
120    59
121    55
122    43
123    51
124    25
125    21
126    16
127    8
128    14
129    10
130    23
