61    13
62    4
63    5
64    12
65    6
66    9
67    9
68    21
69    17
70    15
71    31
72    26
73    39
74    39
75    47
76    56
77    73
78    77
79    90
80    96
81    114
82    127
83    129
84    156
85    169
86    195
87    182
88    228
89    224
90    231
91    258
92    265
93    283
94    282
95    320
96    285
97    325
98    319
99    322
100    341
101    298
102    339
103    338
104    308
105    306
106    274
107    283
108    241
109    261
110    254
111    222
112    245
113    202
114    197
115    186
116    179
117    154
118    141
119    109
120    123
121    88
122    69
123    79
124    70
125    51
126    40
127    38
128    43
129    29
130    23
131    19
132    20
133    17
134    4
135    5
136    8
137    5
138    4
139    15
