70    4
71    1
72    0
73    0
74    1
75    4
76    2
77    15
78    8
79    11
80    8
81    24
82    14
83    24
84    24
85    30
86    46
87    46
88    57
89    59
90    74
91    58
92    79
93    103
94    102
95    84
96    91
97    101
98    90
99    98
100    112
101    112
102    106
103    95
104    100
105    97
106    93
107    80
108    83
109    61
110    52
111    49
112    56
113    36
114    60
115    41
116    21
117    21
118    25
119    13
120    15
121    11
122    6
123    8
124    8
125    8
126    6
127    4
128    2
129    3
130    7
