70    25
71    10
72    16
73    12
74    11
75    28
76    30
77    42
78    64
79    52
80    90
81    109
82    98
83    141
84    157
85    193
86    191
87    249
88    280
89    337
90    293
91    370
92    422
93    440
94    457
95    500
96    539
97    543
98    599
99    605
100    598
101    575
102    547
103    573
104    598
105    545
106    506
107    484
108    437
109    430
110    390
111    339
112    300
113    260
114    250
115    188
116    196
117    138
118    131
119    117
120    108
121    72
122    51
123    46
124    28
125    16
126    26
127    18
128    15
129    11
130    23
