70    2
71    0
72    1
73    4
74    5
75    3
76    5
77    8
78    15
79    16
80    19
81    15
82    16
83    18
84    40
85    32
86    44
87    52
88    60
89    62
90    72
91    71
92    74
93    94
94    88
95    107
96    103
97    129
98    103
99    138
100    115
101    126
102    97
103    101
104    127
105    105
106    107
107    106
108    77
109    89
110    76
111    71
112    67
113    82
114    42
115    42
116    24
117    32
118    25
119    23
120    16
121    16
122    14
123    11
124    11
125    3
126    6
127    6
128    3
129    3
130    3
