67    26
68    8
69    6
70    5
71    12
72    12
73    18
74    20
75    28
76    30
77    48
78    51
79    48
80    53
81    84
82    84
83    126
84    104
85    167
86    175
87    191
88    187
89    230
90    230
91    277
92    279
93    285
94    312
95    328
96    375
97    334
98    353
99    340
100    383
101    391
102    399
103    370
104    407
105    375
106    350
107    306
108    345
109    297
110    258
111    230
112    210
113    211
114    181
115    163
116    127
117    131
118    111
119    78
120    93
121    72
122    60
123    53
124    29
125    35
126    30
127    21
128    16
129    7
130    11
131    8
132    6
133    9
