70    2
71    2
72    2
73    1
74    4
75    6
76    4
77    3
78    5
79    11
80    10
81    10
82    6
83    27
84    13
85    33
86    26
87    31
88    32
89    33
90    42
91    46
92    48
93    65
94    57
95    68
96    68
97    63
98    80
99    76
100    71
101    68
102    83
103    69
104    91
105    61
106    70
107    60
108    67
109    45
110    53
111    33
112    40
113    29
114    34
115    25
116    26
117    9
118    10
119    6
120    12
121    9
122    6
123    5
124    3
125    3
126    4
127    2
128    2
129    3
130    4
