67    9
68    1
69    8
70    6
71    4
72    8
73    15
74    10
75    14
76    13
77    17
78    28
79    32
80    59
81    53
82    64
83    59
84    72
85    84
86    89
87    109
88    130
89    139
90    136
91    160
92    177
93    180
94    203
95    206
96    228
97    221
98    243
99    246
100    231
101    226
102    246
103    254
104    248
105    211
106    222
107    196
108    201
109    182
110    161
111    150
112    129
113    113
114    128
115    96
116    89
117    62
118    68
119    49
120    50
121    46
122    30
123    34
124    28
125    20
126    20
127    13
128    11
129    8
130    10
131    5
132    2
133    9
