58    7
59    3
60    6
61    4
62    4
63    6
64    9
65    6
66    10
67    8
68    13
69    13
70    18
71    19
72    36
73    38
74    38
75    49
76    58
77    64
78    68
79    88
80    77
81    76
82    96
83    109
84    127
85    148
86    133
87    146
88    170
89    180
90    177
91    183
92    200
93    205
94    198
95    240
96    222
97    214
98    233
99    246
100    242
101    225
102    241
103    266
104    243
105    222
106    233
107    194
108    187
109    197
110    181
111    197
112    160
113    165
114    176
115    138
116    151
117    112
118    111
119    97
120    91
121    87
122    89
123    73
124    68
125    54
126    45
127    47
128    30
129    27
130    22
131    20
132    17
133    14
134    19
135    16
136    14
137    7
138    5
139    7
140    2
141    3
142    9
