76    36
77    25
78    39
79    49
80    61
81    86
82    93
83    141
84    195
85    257
86    293
87    449
88    482
89    608
90    674
91    807
92    954
93    1044
94    1141
95    1300
96    1461
97    1486
98    1543
99    1577
100    1646
101    1574
102    1605
103    1526
104    1512
105    1423
106    1339
107    1159
108    1024
109    925
110    805
111    687
112    544
113    494
114    379
115    314
116    277
117    207
118    140
119    121
120    97
121    86
122    46
123    39
124    74
