67    10
68    1
69    3
70    5
71    8
72    8
73    9
74    27
75    14
76    22
77    35
78    28
79    45
80    44
81    51
82    63
83    66
84    70
85    108
86    118
87    120
88    128
89    150
90    179
91    160
92    206
93    197
94    221
95    211
96    222
97    270
98    251
99    262
100    284
101    250
102    251
103    238
104    244
105    234
106    235
107    194
108    204
109    189
110    157
111    148
112    153
113    133
114    108
115    113
116    96
117    91
118    64
119    67
120    57
121    36
122    38
123    30
124    24
125    17
126    13
127    16
128    8
129    7
130    8
131    5
132    3
133    11
