64    20
65    3
66    4
67    8
68    12
69    12
70    13
71    22
72    21
73    15
74    22
75    31
76    46
77    45
78    61
79    67
80    88
81    88
82    100
83    125
84    127
85    131
86    173
87    189
88    175
89    224
90    217
91    235
92    288
93    282
94    331
95    303
96    300
97    345
98    304
99    351
100    356
101    362
102    354
103    344
104    327
105    333
106    292
107    290
108    294
109    295
110    261
111    251
112    231
113    216
114    186
115    185
116    144
117    137
118    122
119    108
120    85
121    87
122    72
123    48
124    61
125    37
126    41
127    28
128    24
129    23
130    18
131    10
132    7
133    7
134    4
135    4
136    21
