70    9
71    1
72    9
73    8
74    14
75    9
76    21
77    24
78    19
79    39
80    39
81    49
82    61
83    79
84    72
85    107
86    119
87    134
88    146
89    149
90    177
91    197
92    225
93    237
94    243
95    252
96    296
97    306
98    308
99    318
100    301
101    321
102    306
103    337
104    261
105    296
106    265
107    265
108    246
109    217
110    208
111    173
112    163
113    142
114    114
115    112
116    102
117    96
118    73
119    55
120    52
121    46
122    22
123    29
124    29
125    15
126    11
127    6
128    7
129    2
130    10
