70    22
71    9
72    10
73    11
74    16
75    16
76    31
77    34
78    33
79    58
80    52
81    85
82    91
83    149
84    144
85    178
86    195
87    247
88    250
89    290
90    312
91    391
92    368
93    462
94    459
95    467
96    522
97    535
98    524
99    550
100    513
101    545
102    582
103    556
104    538
105    519
106    486
107    457
108    422
109    398
110    363
111    309
112    269
113    241
114    245
115    188
116    170
117    143
118    124
119    108
120    81
121    61
122    57
123    44
124    35
125    33
126    10
127    11
128    12
129    11
130    35
