70    20
71    6
72    6
73    9
74    14
75    21
76    23
77    33
78    31
79    42
80    69
81    73
82    86
83    62
84    122
85    123
86    174
87    203
88    246
89    268
90    297
91    306
92    321
93    388
94    410
95    400
96    455
97    473
98    464
99    480
100    510
101    485
102    478
103    485
104    448
105    481
106    452
107    390
108    346
109    326
110    338
111    266
112    255
113    203
114    211
115    193
116    135
117    125
118    107
119    85
120    61
121    57
122    41
123    30
124    29
125    17
126    22
127    16
128    8
129    13
130    22
