67    11
68    3
69    9
70    3
71    12
72    17
73    18
74    19
75    34
76    17
77    34
78    48
79    43
80    57
81    62
82    79
83    101
84    106
85    128
86    141
87    155
88    172
89    181
90    195
91    215
92    244
93    266
94    286
95    314
96    321
97    302
98    329
99    336
100    310
101    304
102    306
103    335
104    285
105    317
106    290
107    295
108    259
109    240
110    246
111    216
112    186
113    149
114    141
115    127
116    107
117    107
118    113
119    77
120    73
121    59
122    68
123    33
124    37
125    27
126    22
127    24
128    14
129    12
130    11
131    5
132    5
133    8
