64    2
65    0
66    1
67    2
68    2
69    4
70    1
71    3
72    3
73    3
74    3
75    4
76    6
77    11
78    10
79    16
80    12
81    7
82    15
83    21
84    24
85    32
86    39
87    23
88    36
89    35
90    59
91    39
92    42
93    41
94    50
95    47
96    59
97    60
98    57
99    57
100    57
101    74
102    55
103    43
104    50
105    59
106    52
107    49
108    40
109    50
110    40
111    49
112    33
113    32
114    35
115    23
116    21
117    12
118    20
119    15
120    17
121    14
122    10
123    8
124    13
125    10
126    5
127    5
128    0
129    5
130    7
131    1
132    2
133    3
134    1
135    0
136    1
