61    13
62    1
63    6
64    7
65    3
66    9
67    4
68    6
69    10
70    9
71    18
72    20
73    16
74    27
75    24
76    27
77    40
78    38
79    52
80    54
81    54
82    67
83    73
84    89
85    79
86    103
87    100
88    102
89    124
90    127
91    137
92    160
93    152
94    158
95    183
96    180
97    187
98    183
99    162
100    179
101    190
102    184
103    171
104    176
105    168
106    205
107    169
108    139
109    142
110    146
111    134
112    120
113    126
114    113
115    110
116    80
117    85
118    80
119    59
120    64
121    44
122    54
123    45
124    40
125    44
126    19
127    27
128    20
129    19
130    12
131    12
132    11
133    12
134    7
135    5
136    6
137    4
138    2
139    17
