61    13
62    2
63    7
64    3
65    9
66    10
67    10
68    11
69    18
70    19
71    28
72    37
73    29
74    38
75    63
76    57
77    61
78    91
79    87
80    114
81    104
82    129
83    146
84    145
85    175
86    174
87    175
88    211
89    234
90    236
91    255
92    268
93    262
94    293
95    297
96    297
97    304
98    328
99    295
100    312
101    348
102    315
103    314
104    304
105    299
106    310
107    272
108    263
109    263
110    210
111    216
112    204
113    216
114    189
115    188
116    158
117    159
118    139
119    106
120    107
121    80
122    107
123    79
124    72
125    55
126    47
127    41
128    33
129    32
130    17
131    19
132    16
133    20
134    14
135    2
136    7
137    9
138    4
139    18
