73    1
74    2
75    3
76    5
77    3
78    10
79    9
80    17
81    15
82    20
83    24
84    40
85    43
86    48
87    55
88    75
89    86
90    87
91    92
92    127
93    110
94    129
95    131
96    145
97    165
98    140
99    160
100    185
101    144
102    140
103    176
104    137
105    148
106    157
107    124
108    120
109    92
110    85
111    84
112    60
113    57
114    60
115    44
116    46
117    30
118    27
119    25
120    19
121    17
122    10
123    11
124    3
125    3
126    2
127    7
