67    25
68    3
69    8
70    12
71    20
72    16
73    17
74    22
75    35
76    43
77    43
78    64
79    72
80    98
81    108
82    129
83    145
84    184
85    189
86    234
87    232
88    267
89    305
90    382
91    424
92    425
93    423
94    434
95    456
96    545
97    526
98    551
99    564
100    572
101    541
102    525
103    535
104    516
105    500
106    490
107    485
108    472
109    396
110    392
111    356
112    335
113    298
114    289
115    243
116    240
117    187
118    160
119    136
120    123
121    109
122    85
123    61
124    64
125    45
126    41
127    26
128    28
129    15
130    18
131    17
132    6
133    18
