73    23
74    10
75    5
76    13
77    21
78    30
79    18
80    40
81    39
82    49
83    77
84    80
85    99
86    140
87    178
88    198
89    239
90    245
91    312
92    337
93    352
94    409
95    390
96    448
97    467
98    451
99    455
100    545
101    475
102    504
103    490
104    476
105    455
106    396
107    395
108    332
109    299
110    297
111    286
112    181
113    206
114    147
115    133
116    104
117    89
118    93
119    53
120    41
121    21
122    33
123    20
124    17
125    14
126    13
127    22
