58    16
59    2
60    9
61    4
62    3
63    10
64    10
65    10
66    15
67    15
68    19
69    20
70    21
71    28
72    32
73    38
74    39
75    50
76    51
77    60
78    72
79    96
80    110
81    125
82    106
83    152
84    130
85    158
86    179
87    195
88    187
89    165
90    194
91    225
92    234
93    258
94    256
95    268
96    249
97    255
98    257
99    286
100    266
101    309
102    276
103    286
104    272
105    252
106    283
107    263
108    249
109    248
110    217
111    182
112    196
113    186
114    181
115    156
116    164
117    157
118    135
119    124
120    105
121    81
122    86
123    80
124    67
125    70
126    45
127    42
128    41
129    30
130    29
131    24
132    18
133    20
134    24
135    16
136    14
137    13
138    12
139    6
140    7
141    4
142    9
