67    6
68    2
69    1
70    1
71    4
72    2
73    3
74    4
75    8
76    8
77    4
78    18
79    9
80    18
81    36
82    20
83    33
84    33
85    36
86    35
87    45
88    59
89    62
90    76
91    63
92    66
93    87
94    93
95    104
96    91
97    87
98    97
99    106
100    108
101    92
102    99
103    87
104    89
105    80
106    89
107    88
108    90
109    78
110    85
111    68
112    66
113    39
114    60
115    49
116    43
117    30
118    31
119    19
120    25
121    16
122    12
123    14
124    9
125    4
126    8
127    5
128    5
129    1
130    1
131    3
132    1
133    5
