70    4
71    0
72    2
73    3
74    0
75    5
76    8
77    7
78    11
79    12
80    25
81    23
82    20
83    27
84    30
85    35
86    37
87    44
88    62
89    64
90    63
91    87
92    82
93    88
94    112
95    116
96    89
97    122
98    120
99    109
100    132
101    119
102    122
103    118
104    114
105    114
106    102
107    107
108    89
109    81
110    74
111    58
112    58
113    64
114    48
115    42
116    33
117    41
118    24
119    18
120    8
121    15
122    9
123    10
124    9
125    4
126    1
127    0
128    6
129    4
130    9
