70    7
71    1
72    4
73    7
74    7
75    15
76    13
77    22
78    24
79    18
80    29
81    44
82    61
83    59
84    80
85    98
86    95
87    113
88    150
89    142
90    150
91    167
92    185
93    232
94    230
95    226
96    253
97    258
98    262
99    275
100    277
101    285
102    246
103    303
104    233
105    284
106    250
107    218
108    212
109    160
110    216
111    169
112    144
113    138
114    118
115    99
116    91
117    64
118    59
119    52
120    42
121    28
122    33
123    27
124    16
125    10
126    7
127    8
128    7
129    4
130    11
