70    6
71    3
72    1
73    1
74    6
75    8
76    7
77    6
78    9
79    15
80    11
81    13
82    26
83    38
84    36
85    42
86    49
87    51
88    59
89    75
90    60
91    76
92    83
93    88
94    96
95    102
96    104
97    118
98    112
99    122
100    144
101    126
102    122
103    135
104    101
105    106
106    93
107    101
108    74
109    69
110    96
111    71
112    65
113    38
114    59
115    46
116    43
117    26
118    17
119    20
120    19
121    11
122    10
123    12
124    11
125    7
126    6
127    6
128    2
129    2
130    4
