58    1
59    0
60    0
61    1
62    0
63    0
64    3
65    3
66    4
67    4
68    1
69    2
70    2
71    3
72    6
73    3
74    5
75    8
76    6
77    16
78    9
79    10
80    15
81    15
82    18
83    29
84    22
85    24
86    32
87    25
88    35
89    32
90    41
91    34
92    44
93    41
94    31
95    43
96    30
97    43
98    32
99    54
100    35
101    45
102    44
103    44
104    44
105    47
106    36
107    43
108    33
109    44
110    37
111    42
112    32
113    34
114    31
115    26
116    24
117    18
118    27
119    16
120    17
121    15
122    15
123    10
124    13
125    11
126    14
127    6
128    4
129    7
130    3
131    1
132    1
133    4
134    2
135    3
136    2
137    0
138    2
139    1
140    2
141    1
142    5
