73    23
74    9
75    16
76    23
77    33
78    33
79    66
80    78
81    85
82    108
83    145
84    188
85    197
86    301
87    320
88    363
89    434
90    473
91    572
92    607
93    629
94    750
95    815
96    855
97    884
98    912
99    942
100    881
101    985
102    958
103    949
104    871
105    832
106    739
107    747
108    655
109    645
110    575
111    513
112    431
113    405
114    352
115    287
116    236
117    180
118    132
119    95
120    95
121    79
122    53
123    50
124    39
125    22
126    17
127    43
