64    24
65    6
66    6
67    9
68    16
69    15
70    18
71    11
72    28
73    26
74    46
75    62
76    47
77    62
78    101
79    92
80    93
81    138
82    107
83    141
84    162
85    187
86    222
87    255
88    264
89    255
90    336
91    358
92    356
93    391
94    389
95    420
96    434
97    416
98    487
99    455
100    414
101    445
102    433
103    499
104    440
105    450
106    438
107    392
108    361
109    339
110    320
111    298
112    286
113    263
114    238
115    233
116    187
117    205
118    160
119    146
120    129
121    107
122    92
123    86
124    73
125    64
126    43
127    36
128    39
129    30
130    28
131    20
132    9
133    12
134    13
135    10
136    19
