64    12
65    7
66    7
67    5
68    10
69    8
70    16
71    18
72    9
73    24
74    30
75    39
76    51
77    51
78    63
79    59
80    90
81    79
82    112
83    154
84    118
85    162
86    191
87    210
88    219
89    232
90    242
91    287
92    310
93    279
94    308
95    368
96    353
97    367
98    381
99    400
100    365
101    406
102    350
103    346
104    367
105    331
106    321
107    302
108    280
109    265
110    284
111    237
112    222
113    226
114    198
115    152
116    148
117    151
118    117
119    103
120    105
121    75
122    59
123    70
124    52
125    45
126    44
127    32
128    26
129    26
130    22
131    11
132    12
133    7
134    5
135    2
136    19
