64    3
65    1
66    0
67    1
68    5
69    6
70    2
71    5
72    5
73    9
74    5
75    14
76    19
77    8
78    10
79    13
80    26
81    27
82    26
83    33
84    31
85    38
86    41
87    44
88    49
89    65
90    56
91    61
92    86
93    72
94    80
95    78
96    77
97    81
98    90
99    80
100    82
101    89
102    77
103    69
104    78
105    82
106    71
107    80
108    77
109    65
110    56
111    52
112    62
113    52
114    38
115    46
116    36
117    29
118    27
119    30
120    30
121    20
122    20
123    24
124    8
125    6
126    12
127    11
128    2
129    3
130    8
131    3
132    3
133    5
134    1
135    4
136    1
