67    37
68    10
69    19
70    20
71    28
72    27
73    51
74    54
75    72
76    94
77    120
78    152
79    163
80    199
81    229
82    235
83    309
84    355
85    400
86    500
87    512
88    551
89    654
90    734
91    710
92    869
93    843
94    981
95    997
96    1017
97    1019
98    1075
99    1100
100    1081
101    1112
102    1060
103    1094
104    1020
105    928
106    972
107    932
108    881
109    840
110    766
111    724
112    646
113    618
114    519
115    458
116    394
117    341
118    331
119    256
120    243
121    226
122    160
123    125
124    115
125    88
126    78
127    62
128    57
129    39
130    24
131    29
132    18
133    44
