73    61
74    30
75    30
76    45
77    49
78    80
79    109
80    116
81    168
82    218
83    265
84    333
85    399
86    458
87    558
88    688
89    749
90    843
91    1019
92    1103
93    1263
94    1353
95    1406
96    1625
97    1661
98    1671
99    1694
100    1815
101    1707
102    1697
103    1619
104    1576
105    1539
106    1388
107    1309
108    1207
109    1067
110    1007
111    897
112    765
113    664
114    553
115    450
116    379
117    360
118    259
119    190
120    177
121    115
122    91
123    76
124    54
125    41
126    33
127    79
