70    40
71    19
72    35
73    29
74    51
75    51
76    73
77    96
78    112
79    145
80    202
81    264
82    262
83    354
84    396
85    460
86    521
87    608
88    759
89    835
90    884
91    995
92    1122
93    1163
94    1307
95    1332
96    1377
97    1487
98    1506
99    1531
100    1538
101    1544
102    1486
103    1556
104    1530
105    1377
106    1325
107    1293
108    1189
109    1086
110    987
111    901
112    787
113    746
114    635
115    568
116    443
117    397
118    342
119    287
120    239
121    169
122    149
123    106
124    89
125    80
126    61
127    48
128    40
129    25
130    69
