70    2
71    0
72    0
73    0
74    0
75    1
76    2
77    2
78    5
79    6
80    4
81    10
82    6
83    6
84    19
85    20
86    19
87    17
88    27
89    29
90    24
91    34
92    24
93    48
94    37
95    37
96    53
97    49
98    49
99    44
100    73
101    41
102    50
103    63
104    64
105    41
106    39
107    44
108    39
109    32
110    34
111    27
112    20
113    21
114    22
115    15
116    15
117    22
118    14
119    10
120    6
121    6
122    9
123    3
124    5
125    6
126    1
127    2
128    4
129    2
130    3
