73    10
74    5
75    8
76    8
77    8
78    12
79    24
80    27
81    42
82    48
83    62
84    69
85    74
86    108
87    119
88    152
89    161
90    210
91    228
92    231
93    248
94    285
95    326
96    324
97    361
98    367
99    361
100    376
101    393
102    351
103    366
104    355
105    353
106    297
107    292
108    227
109    230
110    207
111    181
112    169
113    168
114    118
115    102
116    90
117    71
118    55
119    38
120    34
121    27
122    21
123    11
124    9
125    6
126    5
127    19
