64    4
65    1
66    2
67    2
68    2
69    2
70    4
71    5
72    6
73    4
74    7
75    19
76    15
77    15
78    17
79    18
80    19
81    24
82    33
83    31
84    45
85    48
86    46
87    57
88    51
89    59
90    63
91    64
92    58
93    76
94    86
95    88
96    78
97    89
98    93
99    101
100    92
101    68
102    91
103    104
104    90
105    100
106    92
107    75
108    78
109    66
110    46
111    74
112    57
113    64
114    55
115    35
116    43
117    48
118    24
119    24
120    26
121    28
122    14
123    15
124    16
125    12
126    7
127    10
128    6
129    2
130    3
131    2
132    4
133    1
134    4
135    1
136    6
