58    7
59    1
60    2
61    3
62    5
63    9
64    2
65    6
66    7
67    7
68    12
69    10
70    19
71    19
72    21
73    30
74    33
75    36
76    35
77    44
78    49
79    51
80    54
81    62
82    65
83    85
84    75
85    104
86    101
87    104
88    125
89    114
90    135
91    156
92    113
93    127
94    145
95    159
96    191
97    159
98    162
99    171
100    153
101    167
102    159
103    165
104    174
105    165
106    169
107    160
108    144
109    144
110    161
111    137
112    151
113    99
114    100
115    95
116    88
117    71
118    75
119    68
120    75
121    79
122    52
123    54
124    43
125    40
126    39
127    27
128    32
129    16
130    21
131    19
132    14
133    12
134    15
135    7
136    6
137    6
138    8
139    2
140    2
141    2
142    13
