67    1
68    0
69    0
70    1
71    1
72    1
73    3
74    3
75    3
76    8
77    8
78    7
79    9
80    8
81    13
82    12
83    17
84    15
85    17
86    15
87    20
88    20
89    28
90    22
91    38
92    34
93    41
94    47
95    49
96    43
97    48
98    36
99    38
100    35
101    38
102    47
103    44
104    42
105    47
106    45
107    46
108    40
109    35
110    30
111    38
112    21
113    29
114    23
115    19
116    20
117    17
118    13
119    13
120    11
121    10
122    6
123    11
124    4
125    3
126    2
127    4
128    3
129    1
130    0
131    1
132    0
133    3
