73    12
74    8
75    6
76    9
77    10
78    14
79    23
80    24
81    49
82    42
83    61
84    55
85    61
86    75
87    82
88    134
89    156
90    170
91    200
92    245
93    239
94    259
95    265
96    299
97    325
98    348
99    297
100    345
101    349
102    325
103    306
104    316
105    288
106    264
107    254
108    233
109    212
110    182
111    159
112    169
113    133
114    116
115    80
116    64
117    61
118    46
119    38
120    22
121    20
122    19
123    8
124    9
125    9
126    4
127    11
