64    3
65    1
66    3
67    1
68    4
69    4
70    4
71    8
72    7
73    8
74    9
75    17
76    16
77    14
78    22
79    19
80    29
81    29
82    40
83    33
84    31
85    45
86    38
87    59
88    55
89    67
90    62
91    74
92    68
93    92
94    79
95    83
96    82
97    90
98    79
99    107
100    78
101    92
102    96
103    86
104    91
105    93
106    84
107    63
108    75
109    52
110    76
111    70
112    49
113    54
114    64
115    42
116    44
117    29
118    24
119    31
120    21
121    25
122    14
123    14
124    8
125    5
126    8
127    10
128    7
129    2
130    6
131    2
132    2
133    1
134    3
135    1
136    12
