70    49
71    11
72    31
73    31
74    40
75    48
76    56
77    73
78    118
79    145
80    166
81    215
82    233
83    272
84    341
85    413
86    457
87    488
88    617
89    622
90    798
91    831
92    947
93    972
94    1088
95    1099
96    1162
97    1255
98    1300
99    1291
100    1356
101    1267
102    1336
103    1340
104    1217
105    1096
106    1142
107    1016
108    957
109    939
110    807
111    776
112    709
113    578
114    542
115    410
116    400
117    358
118    285
119    243
120    188
121    146
122    127
123    115
124    72
125    68
126    49
127    35
128    31
129    23
130    47
