64    6
65    6
66    3
67    1
68    1
69    4
70    6
71    7
72    10
73    9
74    9
75    17
76    8
77    21
78    19
79    27
80    31
81    29
82    44
83    47
84    53
85    68
86    71
87    68
88    89
89    82
90    90
91    94
92    112
93    125
94    140
95    126
96    137
97    143
98    152
99    153
100    140
101    127
102    137
103    164
104    143
105    131
106    120
107    115
108    124
109    123
110    99
111    107
112    80
113    97
114    77
115    91
116    55
117    51
118    46
119    53
120    40
121    27
122    23
123    28
124    26
125    17
126    19
127    11
128    9
129    12
130    4
131    8
132    3
133    8
134    7
135    1
136    13
