58    2
59    0
60    1
61    1
62    0
63    3
64    1
65    1
66    0
67    2
68    3
69    2
70    1
71    1
72    2
73    5
74    3
75    5
76    5
77    3
78    2
79    6
80    10
81    12
82    8
83    11
84    18
85    9
86    16
87    21
88    17
89    20
90    25
91    13
92    15
93    24
94    33
95    22
96    24
97    19
98    29
99    29
100    30
101    27
102    28
103    19
104    27
105    27
106    19
107    18
108    15
109    22
110    15
111    18
112    20
113    16
114    19
115    11
116    16
117    8
118    11
119    12
120    13
121    5
122    5
123    8
124    1
125    4
126    1
127    3
128    3
129    4
130    1
131    2
132    2
133    1
134    4
135    1
136    2
137    1
138    1
139    0
140    3
141    1
142    0
