58    10
59    1
60    0
61    1
62    3
63    3
64    6
65    0
66    8
67    11
68    10
69    12
70    9
71    14
72    18
73    27
74    16
75    39
76    37
77    31
78    41
79    35
80    60
81    52
82    62
83    71
84    66
85    71
86    90
87    89
88    102
89    105
90    120
91    112
92    140
93    154
94    143
95    144
96    169
97    162
98    153
99    162
100    167
101    165
102    166
103    155
104    139
105    153
106    150
107    160
108    130
109    125
110    126
111    129
112    105
113    104
114    90
115    111
116    62
117    92
118    67
119    71
120    60
121    64
122    53
123    50
124    28
125    23
126    35
127    36
128    24
129    20
130    19
131    10
132    19
133    12
134    5
135    9
136    3
137    6
138    4
139    2
140    4
141    1
142    14
