58    0
59    0
60    1
61    0
62    4
63    1
64    2
65    2
66    3
67    4
68    4
69    5
70    4
71    7
72    6
73    12
74    18
75    11
76    14
77    19
78    14
79    22
80    25
81    20
82    27
83    37
84    23
85    33
86    30
87    47
88    43
89    40
90    49
91    51
92    60
93    57
94    68
95    60
96    72
97    63
98    60
99    67
100    75
101    51
102    63
103    60
104    76
105    66
106    65
107    74
108    72
109    62
110    46
111    51
112    53
113    54
114    40
115    29
116    37
117    42
118    28
119    27
120    22
121    16
122    21
123    19
124    16
125    12
126    11
127    13
128    6
129    7
130    7
131    5
132    7
133    6
134    5
135    2
136    3
137    2
138    4
139    2
140    1
141    0
142    9
