58    34
59    9
60    9
61    6
62    8
63    13
64    9
65    16
66    20
67    23
68    29
69    38
70    50
71    48
72    56
73    59
74    67
75    76
76    88
77    111
78    125
79    114
80    130
81    164
82    171
83    171
84    190
85    210
86    219
87    277
88    274
89    285
90    283
91    329
92    303
93    334
94    332
95    359
96    365
97    395
98    396
99    382
100    383
101    401
102    417
103    371
104    411
105    386
106    357
107    396
108    358
109    348
110    326
111    313
112    283
113    298
114    252
115    240
116    223
117    191
118    192
119    176
120    140
121    143
122    117
123    104
124    83
125    110
126    65
127    73
128    49
129    58
130    41
131    30
132    33
133    26
134    17
135    15
136    14
137    9
138    10
139    12
140    4
141    6
142    19
