67    10
68    9
69    9
70    11
71    8
72    7
73    12
74    29
75    14
76    34
77    41
78    29
79    41
80    64
81    65
82    68
83    98
84    103
85    122
86    122
87    137
88    147
89    188
90    192
91    175
92    242
93    233
94    257
95    274
96    293
97    274
98    298
99    320
100    269
101    302
102    268
103    283
104    312
105    292
106    304
107    270
108    238
109    230
110    218
111    189
112    160
113    162
114    161
115    124
116    123
117    114
118    82
119    80
120    53
121    62
122    51
123    43
124    24
125    26
126    16
127    19
128    12
129    9
130    8
131    1
132    3
133    12
