73    6
74    0
75    1
76    4
77    2
78    5
79    12
80    19
81    9
82    21
83    23
84    22
85    17
86    42
87    36
88    53
89    59
90    63
91    71
92    93
93    95
94    112
95    97
96    116
97    133
98    127
99    140
100    129
101    109
102    131
103    120
104    108
105    97
106    118
107    98
108    101
109    79
110    85
111    77
112    52
113    57
114    36
115    38
116    32
117    35
118    25
119    17
120    15
121    10
122    8
123    10
124    4
125    5
126    2
127    7
