73    19
74    11
75    6
76    20
77    18
78    22
79    29
80    40
81    66
82    68
83    93
84    97
85    146
86    165
87    210
88    221
89    244
90    306
91    355
92    373
93    431
94    473
95    460
96    509
97    551
98    517
99    600
100    594
101    617
102    604
103    577
104    526
105    504
106    485
107    407
108    431
109    351
110    325
111    295
112    246
113    236
114    202
115    164
116    141
117    106
118    76
119    66
120    73
121    38
122    36
123    26
124    22
125    13
126    13
127    25
