73    5
74    0
75    2
76    1
77    4
78    11
79    10
80    7
81    12
82    15
83    21
84    19
85    27
86    28
87    32
88    25
89    42
90    57
91    74
92    55
93    69
94    91
95    75
96    81
97    107
98    113
99    82
100    107
101    103
102    91
103    96
104    95
105    86
106    102
107    69
108    81
109    92
110    63
111    51
112    55
113    30
114    39
115    29
116    28
117    14
118    10
119    18
120    5
121    8
122    5
123    3
124    4
125    1
126    0
127    2
