58    3
59    2
60    0
61    0
62    2
63    4
64    3
65    5
66    5
67    7
68    10
69    12
70    8
71    9
72    13
73    19
74    15
75    18
76    24
77    22
78    33
79    37
80    37
81    32
82    53
83    53
84    49
85    66
86    47
87    56
88    76
89    64
90    94
91    90
92    104
93    84
94    107
95    118
96    98
97    97
98    96
99    123
100    114
101    102
102    97
103    117
104    110
105    101
106    107
107    86
108    100
109    63
110    77
111    96
112    69
113    64
114    69
115    68
116    46
117    55
118    43
119    39
120    36
121    32
122    32
123    29
124    28
125    15
126    24
127    17
128    20
129    13
130    12
131    11
132    8
133    10
134    9
135    9
136    6
137    4
138    3
139    2
140    4
141    1
142    12
