61    11
62    6
63    3
64    2
65    4
66    9
67    11
68    16
69    17
70    17
71    18
72    22
73    23
74    25
75    37
76    35
77    27
78    51
79    53
80    70
81    64
82    86
83    98
84    93
85    112
86    127
87    114
88    150
89    133
90    174
91    197
92    176
93    183
94    230
95    197
96    234
97    230
98    250
99    234
100    223
101    243
102    217
103    210
104    211
105    218
106    191
107    218
108    199
109    185
110    167
111    165
112    138
113    122
114    150
115    108
116    103
117    92
118    93
119    91
120    84
121    73
122    61
123    49
124    37
125    46
126    31
127    28
128    32
129    36
130    15
131    10
132    14
133    10
134    14
135    8
136    7
137    0
138    3
139    18
