61    66
62    18
63    21
64    37
65    39
66    41
67    55
68    55
69    78
70    86
71    102
72    105
73    140
74    198
75    201
76    235
77    275
78    298
79    355
80    391
81    463
82    495
83    579
84    668
85    733
86    773
87    823
88    935
89    1037
90    1048
91    1066
92    1198
93    1175
94    1326
95    1330
96    1373
97    1391
98    1356
99    1456
100    1379
101    1468
102    1419
103    1425
104    1381
105    1333
106    1279
107    1334
108    1198
109    1135
110    1126
111    1101
112    1039
113    890
114    884
115    716
116    712
117    603
118    561
119    508
120    476
121    452
122    360
123    304
124    286
125    227
126    218
127    173
128    138
129    141
130    118
131    106
132    76
133    64
134    61
135    49
136    34
137    26
138    31
139    69
