73    0
74    1
75    2
76    1
77    1
78    4
79    2
80    6
81    6
82    10
83    5
84    4
85    10
86    22
87    17
88    21
89    28
90    25
91    35
92    34
93    33
94    41
95    55
96    61
97    54
98    58
99    64
100    56
101    61
102    55
103    58
104    52
105    47
106    47
107    56
108    38
109    32
110    41
111    23
112    25
113    19
114    15
115    16
116    7
117    12
118    14
119    7
120    6
121    3
122    7
123    2
124    3
125    2
126    1
127    2
