73    1
74    3
75    1
76    0
77    2
78    1
79    1
80    1
81    1
82    6
83    1
84    9
85    9
86    18
87    16
88    17
89    21
90    33
91    17
92    30
93    27
94    20
95    29
96    37
97    32
98    33
99    36
100    35
101    41
102    41
103    23
104    32
105    36
106    37
107    31
108    24
109    19
110    23
111    19
112    15
113    12
114    14
115    12
116    13
117    7
118    10
119    10
120    2
121    1
122    0
123    3
124    2
125    1
126    1
127    2
