64    23
65    5
66    4
67    7
68    13
69    10
70    23
71    23
72    23
73    32
74    52
75    57
76    66
77    87
78    90
79    102
80    104
81    127
82    157
83    172
84    215
85    211
86    252
87    267
88    286
89    324
90    382
91    356
92    393
93    403
94    431
95    465
96    478
97    494
98    501
99    513
100    479
101    508
102    516
103    548
104    483
105    443
106    426
107    399
108    381
109    400
110    367
111    301
112    313
113    290
114    277
115    230
116    225
117    207
118    179
119    148
120    123
121    108
122    103
123    96
124    71
125    65
126    47
127    59
128    36
129    27
130    25
131    19
132    15
133    12
134    9
135    3
136    25
