64    8
65    3
66    8
67    3
68    9
69    9
70    14
71    23
72    21
73    17
74    24
75    36
76    42
77    43
78    56
79    70
80    71
81    90
82    108
83    117
84    132
85    136
86    174
87    174
88    171
89    213
90    218
91    211
92    250
93    233
94    298
95    307
96    322
97    316
98    302
99    348
100    328
101    338
102    333
103    308
104    307
105    309
106    290
107    289
108    256
109    274
110    235
111    236
112    205
113    200
114    188
115    179
116    157
117    123
118    116
119    78
120    83
121    74
122    65
123    55
124    45
125    33
126    35
127    28
128    21
129    16
130    21
131    13
132    5
133    10
134    4
135    2
136    18
