58    36
59    10
60    14
61    16
62    23
63    48
64    43
65    35
66    47
67    63
68    68
69    85
70    90
71    120
72    120
73    150
74    174
75    193
76    249
77    251
78    306
79    336
80    392
81    400
82    452
83    467
84    551
85    580
86    604
87    662
88    744
89    763
90    808
91    872
92    923
93    939
94    1000
95    963
96    1042
97    1012
98    1090
99    1073
100    1018
101    1086
102    1014
103    1068
104    1059
105    1023
106    1054
107    950
108    927
109    867
110    857
111    809
112    743
113    737
114    664
115    618
116    532
117    535
118    512
119    427
120    405
121    367
122    311
123    260
124    271
125    254
126    225
127    161
128    145
129    127
130    125
131    96
132    75
133    64
134    61
135    51
136    45
137    31
138    28
139    17
140    20
141    18
142    65
