64    10
65    6
66    2
67    3
68    4
69    6
70    9
71    12
72    22
73    15
74    12
75    24
76    23
77    25
78    30
79    46
80    46
81    48
82    64
83    66
84    73
85    87
86    96
87    105
88    90
89    118
90    144
91    145
92    184
93    158
94    181
95    168
96    195
97    209
98    176
99    205
100    187
101    217
102    183
103    193
104    178
105    215
106    194
107    177
108    168
109    173
110    139
111    160
112    134
113    117
114    103
115    86
116    78
117    78
118    67
119    70
120    49
121    52
122    29
123    28
124    33
125    30
126    11
127    12
128    14
129    19
130    12
131    7
132    5
133    2
134    3
135    2
136    12
