73    18
74    11
75    13
76    18
77    23
78    29
79    34
80    56
81    53
82    87
83    92
84    131
85    124
86    173
87    214
88    287
89    298
90    333
91    408
92    407
93    472
94    500
95    548
96    604
97    661
98    640
99    636
100    674
101    635
102    652
103    706
104    577
105    645
106    547
107    530
108    484
109    432
110    377
111    341
112    287
113    231
114    211
115    187
116    151
117    144
118    95
119    64
120    65
121    46
122    46
123    37
124    18
125    19
126    11
127    29
