73    26
74    7
75    12
76    14
77    17
78    30
79    43
80    52
81    39
82    85
83    77
84    119
85    157
86    165
87    184
88    218
89    244
90    265
91    356
92    366
93    439
94    485
95    528
96    523
97    570
98    590
99    563
100    621
101    610
102    614
103    562
104    578
105    552
106    521
107    466
108    407
109    414
110    321
111    282
112    288
113    206
114    219
115    148
116    137
117    92
118    89
119    66
120    56
121    47
122    39
123    19
124    19
125    17
126    11
127    25
