67    11
68    5
69    5
70    6
71    8
72    17
73    13
74    19
75    20
76    30
77    36
78    49
79    54
80    43
81    59
82    75
83    96
84    103
85    126
86    145
87    152
88    173
89    195
90    211
91    236
92    253
93    287
94    281
95    311
96    310
97    312
98    347
99    342
100    364
101    361
102    329
103    353
104    319
105    329
106    283
107    289
108    283
109    217
110    217
111    208
112    211
113    176
114    166
115    150
116    129
117    96
118    96
119    76
120    64
121    59
122    50
123    46
124    33
125    30
126    19
127    20
128    11
129    19
130    14
131    7
132    7
133    23
