70    4
71    0
72    4
73    2
74    7
75    3
76    4
77    7
78    9
79    14
80    16
81    23
82    24
83    26
84    25
85    54
86    60
87    71
88    63
89    88
90    90
91    101
92    92
93    103
94    140
95    130
96    143
97    147
98    154
99    147
100    156
101    171
102    143
103    146
104    151
105    141
106    108
107    123
108    107
109    113
110    75
111    83
112    71
113    61
114    65
115    42
116    52
117    35
118    24
119    22
120    27
121    19
122    22
123    11
124    9
125    7
126    6
127    5
128    1
129    3
130    5
