70    15
71    3
72    7
73    14
74    9
75    18
76    17
77    18
78    47
79    42
80    44
81    52
82    82
83    95
84    105
85    131
86    139
87    164
88    200
89    230
90    245
91    282
92    289
93    298
94    356
95    332
96    343
97    402
98    393
99    409
100    443
101    448
102    396
103    380
104    442
105    392
106    356
107    331
108    338
109    309
110    290
111    259
112    197
113    206
114    171
115    152
116    110
117    108
118    85
119    92
120    63
121    50
122    38
123    34
124    24
125    20
126    18
127    13
128    6
129    9
130    17
