58    8
59    0
60    3
61    2
62    9
63    9
64    7
65    6
66    10
67    12
68    18
69    14
70    18
71    29
72    29
73    26
74    24
75    43
76    34
77    56
78    65
79    62
80    76
81    75
82    96
83    116
84    123
85    109
86    133
87    129
88    142
89    159
90    161
91    156
92    170
93    162
94    189
95    186
96    175
97    240
98    196
99    210
100    215
101    206
102    212
103    198
104    199
105    175
106    195
107    179
108    180
109    167
110    170
111    166
112    166
113    127
114    140
115    143
116    120
117    97
118    102
119    90
120    82
121    62
122    69
123    66
124    43
125    52
126    47
127    24
128    28
129    21
130    17
131    15
132    14
133    20
134    13
135    14
136    4
137    6
138    6
139    5
140    1
141    9
142    17
