67    25
68    6
69    5
70    9
71    14
72    18
73    23
74    29
75    41
76    38
77    54
78    72
79    68
80    77
81    99
82    94
83    155
84    163
85    184
86    185
87    232
88    282
89    297
90    342
91    331
92    382
93    392
94    420
95    433
96    445
97    406
98    473
99    494
100    533
101    516
102    488
103    478
104    486
105    474
106    447
107    460
108    397
109    366
110    364
111    318
112    285
113    245
114    261
115    239
116    165
117    165
118    136
119    130
120    110
121    83
122    63
123    67
124    47
125    48
126    28
127    27
128    18
129    14
130    11
131    12
132    7
133    16
