67    54
68    20
69    30
70    31
71    43
72    62
73    76
74    95
75    120
76    140
77    188
78    189
79    236
80    278
81    362
82    436
83    453
84    565
85    663
86    705
87    860
88    891
89    948
90    1088
91    1096
92    1279
93    1373
94    1453
95    1529
96    1539
97    1608
98    1605
99    1687
100    1798
101    1695
102    1644
103    1627
104    1672
105    1474
106    1436
107    1380
108    1375
109    1334
110    1207
111    1060
112    1032
113    873
114    862
115    707
116    619
117    551
118    450
119    424
120    363
121    312
122    235
123    207
124    185
125    144
126    112
127    117
128    68
129    72
130    42
131    39
132    25
133    78
