70    2
71    1
72    1
73    0
74    1
75    2
76    1
77    5
78    5
79    4
80    3
81    12
82    13
83    17
84    15
85    23
86    12
87    21
88    29
89    33
90    27
91    46
92    45
93    37
94    46
95    56
96    65
97    54
98    63
99    67
100    65
101    66
102    75
103    56
104    53
105    71
106    51
107    47
108    48
109    49
110    28
111    45
112    32
113    34
114    24
115    18
116    15
117    14
118    16
119    15
120    4
121    8
122    10
123    5
124    3
125    1
126    3
127    1
128    2
129    1
130    2
