58    62
59    16
60    16
61    13
62    26
63    27
64    36
65    50
66    74
67    79
68    94
69    86
70    106
71    130
72    141
73    194
74    215
75    241
76    273
77    321
78    338
79    396
80    412
81    472
82    485
83    572
84    622
85    711
86    759
87    778
88    812
89    930
90    937
91    972
92    1083
93    1063
94    1090
95    1159
96    1127
97    1194
98    1142
99    1198
100    1267
101    1226
102    1246
103    1251
104    1196
105    1194
106    1202
107    1077
108    1011
109    998
110    944
111    891
112    890
113    899
114    796
115    748
116    679
117    662
118    567
119    507
120    478
121    389
122    365
123    350
124    276
125    260
126    244
127    217
128    193
129    177
130    127
131    92
132    93
133    82
134    61
135    61
136    47
137    40
138    36
139    25
140    28
141    19
142    91
