67    0
68    2
69    0
70    5
71    3
72    8
73    9
74    2
75    5
76    10
77    10
78    14
79    10
80    17
81    21
82    20
83    31
84    39
85    43
86    38
87    39
88    50
89    56
90    49
91    67
92    80
93    65
94    94
95    90
96    94
97    87
98    81
99    80
100    84
101    91
102    102
103    94
104    92
105    97
106    83
107    85
108    64
109    67
110    54
111    67
112    63
113    64
114    38
115    32
116    33
117    29
118    35
119    23
120    23
121    10
122    15
123    11
124    7
125    4
126    7
127    4
128    3
129    1
130    4
131    2
132    3
133    4
