70    24
71    16
72    19
73    17
74    35
75    48
76    53
77    64
78    95
79    118
80    120
81    137
82    187
83    219
84    243
85    333
86    364
87    435
88    419
89    515
90    633
91    656
92    734
93    752
94    871
95    876
96    957
97    995
98    1038
99    1044
100    1068
101    1012
102    1036
103    1014
104    945
105    945
106    926
107    814
108    762
109    721
110    660
111    572
112    503
113    423
114    433
115    363
116    320
117    271
118    270
119    188
120    161
121    151
122    116
123    85
124    76
125    52
126    27
127    37
128    30
129    24
130    50
