73    7
74    2
75    4
76    7
77    8
78    11
79    13
80    20
81    21
82    33
83    35
84    47
85    58
86    71
87    85
88    102
89    132
90    155
91    147
92    175
93    195
94    200
95    218
96    239
97    224
98    241
99    278
100    229
101    249
102    261
103    278
104    255
105    242
106    224
107    225
108    174
109    162
110    151
111    125
112    108
113    108
114    81
115    88
116    58
117    45
118    51
119    27
120    28
121    15
122    9
123    9
124    7
125    5
126    6
127    19
