67    16
68    7
69    7
70    5
71    8
72    11
73    21
74    29
75    29
76    35
77    51
78    44
79    62
80    90
81    77
82    98
83    110
84    143
85    158
86    170
87    207
88    231
89    245
90    289
91    286
92    302
93    343
94    375
95    428
96    415
97    406
98    413
99    440
100    417
101    398
102    420
103    392
104    403
105    396
106    369
107    384
108    360
109    337
110    297
111    275
112    252
113    235
114    213
115    181
116    168
117    137
118    116
119    115
120    94
121    86
122    60
123    55
124    32
125    40
126    32
127    23
128    20
129    13
130    15
131    11
132    3
133    24
