67    12
68    2
69    3
70    7
71    5
72    3
73    13
74    10
75    21
76    15
77    19
78    18
79    20
80    37
81    50
82    48
83    52
84    67
85    81
86    71
87    78
88    98
89    106
90    121
91    129
92    165
93    147
94    154
95    198
96    195
97    187
98    207
99    202
100    195
101    241
102    222
103    209
104    213
105    178
106    179
107    142
108    164
109    128
110    129
111    138
112    112
113    90
114    96
115    75
116    82
117    58
118    54
119    48
120    39
121    42
122    21
123    29
124    28
125    11
126    13
127    9
128    14
129    9
130    7
131    2
132    4
133    5
