70    15
71    5
72    10
73    15
74    15
75    17
76    34
77    28
78    35
79    61
80    67
81    76
82    97
83    104
84    141
85    165
86    189
87    221
88    247
89    253
90    286
91    351
92    395
93    416
94    394
95    514
96    488
97    532
98    527
99    581
100    544
101    509
102    554
103    532
104    509
105    484
106    493
107    444
108    383
109    379
110    353
111    305
112    313
113    236
114    214
115    177
116    155
117    130
118    148
119    87
120    66
121    63
122    54
123    49
124    36
125    22
126    21
127    14
128    13
129    6
130    28
