67    3
68    1
69    2
70    2
71    5
72    2
73    3
74    7
75    7
76    12
77    11
78    11
79    17
80    16
81    27
82    22
83    33
84    37
85    40
86    35
87    48
88    57
89    62
90    62
91    89
92    86
93    103
94    110
95    99
96    73
97    91
98    111
99    116
100    111
101    112
102    110
103    111
104    104
105    118
106    83
107    99
108    95
109    92
110    78
111    78
112    62
113    61
114    51
115    40
116    36
117    34
118    29
119    32
120    20
121    19
122    13
123    6
124    9
125    8
126    5
127    7
128    4
129    3
130    1
131    4
132    3
133    2
