64    9
65    2
66    6
67    1
68    0
69    5
70    4
71    7
72    11
73    14
74    12
75    21
76    19
77    17
78    27
79    33
80    34
81    36
82    55
83    51
84    66
85    68
86    70
87    89
88    71
89    103
90    118
91    106
92    100
93    113
94    118
95    163
96    125
97    154
98    152
99    155
100    164
101    146
102    150
103    121
104    121
105    146
106    110
107    139
108    123
109    119
110    97
111    84
112    103
113    90
114    68
115    77
116    56
117    70
118    57
119    45
120    41
121    38
122    30
123    21
124    16
125    19
126    18
127    16
128    9
129    10
130    4
131    9
132    5
133    2
134    3
135    3
136    10
