61    5
62    2
63    2
64    1
65    1
66    3
67    1
68    2
69    3
70    4
71    4
72    6
73    4
74    11
75    11
76    12
77    15
78    26
79    18
80    31
81    34
82    27
83    38
84    41
85    39
86    48
87    33
88    36
89    55
90    58
91    53
92    80
93    72
94    79
95    62
96    87
97    74
98    89
99    72
100    76
101    82
102    79
103    86
104    92
105    53
106    78
107    58
108    70
109    80
110    66
111    49
112    55
113    57
114    39
115    38
116    37
117    34
118    27
119    26
120    29
121    25
122    20
123    11
124    14
125    11
126    17
127    16
128    7
129    7
130    7
131    4
132    0
133    3
134    3
135    1
136    2
137    1
138    1
139    6
