61    47
62    6
63    13
64    10
65    23
66    18
67    30
68    36
69    46
70    55
71    61
72    83
73    89
74    79
75    118
76    147
77    151
78    189
79    223
80    229
81    260
82    329
83    321
84    386
85    393
86    475
87    510
88    583
89    595
90    662
91    681
92    688
93    755
94    733
95    797
96    815
97    859
98    851
99    898
100    889
101    860
102    826
103    864
104    823
105    848
106    804
107    736
108    699
109    714
110    668
111    579
112    536
113    549
114    515
115    477
116    421
117    377
118    361
119    315
120    284
121    264
122    225
123    199
124    168
125    144
126    109
127    96
128    81
129    96
130    58
131    57
132    46
133    43
134    38
135    22
136    24
137    15
138    19
139    59
