67    15
68    5
69    7
70    9
71    9
72    18
73    14
74    27
75    36
76    32
77    31
78    63
79    67
80    77
81    102
82    114
83    107
84    152
85    160
86    177
87    217
88    224
89    238
90    283
91    330
92    328
93    367
94    354
95    374
96    425
97    410
98    397
99    420
100    422
101    455
102    417
103    395
104    438
105    403
106    348
107    330
108    355
109    325
110    287
111    282
112    247
113    242
114    219
115    188
116    155
117    134
118    111
119    94
120    89
121    67
122    80
123    41
124    36
125    31
126    20
127    24
128    23
129    17
130    12
131    12
132    14
133    33
