64    28
65    10
66    7
67    21
68    18
69    25
70    26
71    36
72    37
73    49
74    59
75    74
76    82
77    110
78    142
79    168
80    214
81    209
82    244
83    296
84    315
85    353
86    360
87    398
88    466
89    497
90    537
91    585
92    626
93    620
94    662
95    672
96    764
97    735
98    729
99    726
100    742
101    799
102    797
103    767
104    705
105    753
106    672
107    688
108    627
109    626
110    528
111    598
112    498
113    466
114    402
115    375
116    358
117    309
118    270
119    237
120    207
121    201
122    143
123    147
124    120
125    102
126    83
127    65
128    43
129    51
130    40
131    32
132    25
133    18
134    14
135    12
136    40
