70    13
71    9
72    7
73    1
74    9
75    17
76    16
77    26
78    28
79    45
80    51
81    64
82    74
83    88
84    86
85    115
86    156
87    133
88    164
89    200
90    205
91    232
92    277
93    271
94    298
95    342
96    312
97    349
98    375
99    357
100    385
101    404
102    347
103    353
104    325
105    335
106    321
107    340
108    284
109    259
110    263
111    202
112    205
113    183
114    153
115    114
116    95
117    102
118    60
119    63
120    52
121    50
122    38
123    24
124    29
125    20
126    12
127    7
128    13
129    6
130    24
