67    11
68    5
69    4
70    6
71    8
72    13
73    16
74    17
75    20
76    28
77    25
78    46
79    51
80    63
81    42
82    75
83    84
84    110
85    115
86    151
87    143
88    163
89    177
90    216
91    207
92    210
93    252
94    252
95    274
96    287
97    288
98    282
99    312
100    335
101    325
102    332
103    297
104    304
105    284
106    259
107    271
108    260
109    249
110    250
111    171
112    198
113    147
114    165
115    129
116    130
117    95
118    97
119    80
120    55
121    53
122    42
123    39
124    29
125    37
126    27
127    15
128    13
129    16
130    4
131    9
132    3
133    17
