67    5
68    2
69    1
70    5
71    6
72    5
73    5
74    9
75    11
76    11
77    18
78    15
79    25
80    33
81    24
82    27
83    36
84    52
85    54
86    60
87    62
88    74
89    75
90    91
91    111
92    111
93    122
94    131
95    144
96    125
97    124
98    154
99    139
100    131
101    116
102    143
103    148
104    127
105    129
106    127
107    104
108    113
109    109
110    111
111    92
112    78
113    68
114    74
115    61
116    50
117    48
118    37
119    32
120    32
121    23
122    10
123    16
124    13
125    11
126    15
127    8
128    6
129    2
130    1
131    2
132    3
133    2
