73    1
74    1
75    1
76    2
77    6
78    3
79    1
80    6
81    6
82    6
83    15
84    17
85    18
86    29
87    15
88    33
89    34
90    47
91    40
92    53
93    64
94    57
95    67
96    74
97    55
98    80
99    86
100    90
101    82
102    81
103    93
104    81
105    71
106    65
107    52
108    48
109    51
110    43
111    35
112    43
113    30
114    29
115    27
116    20
117    20
118    9
119    9
120    9
121    6
122    6
123    4
124    1
125    1
126    3
127    3
