61    8
62    3
63    5
64    3
65    0
66    7
67    12
68    14
69    18
70    14
71    17
72    15
73    39
74    37
75    36
76    44
77    56
78    55
79    75
80    75
81    83
82    104
83    107
84    120
85    110
86    132
87    132
88    172
89    167
90    183
91    190
92    214
93    203
94    248
95    223
96    264
97    240
98    274
99    233
100    254
101    245
102    255
103    261
104    241
105    224
106    265
107    234
108    216
109    207
110    210
111    179
112    185
113    170
114    177
115    149
116    142
117    110
118    101
119    91
120    81
121    78
122    67
123    57
124    42
125    41
126    38
127    39
128    39
129    20
130    12
131    17
132    13
133    15
134    13
135    7
136    5
137    3
138    3
139    11
