76    39
77    29
78    31
79    51
80    76
81    103
82    105
83    176
84    191
85    258
86    317
87    424
88    545
89    632
90    774
91    875
92    1018
93    1055
94    1220
95    1411
96    1476
97    1566
98    1659
99    1734
100    1750
101    1659
102    1637
103    1587
104    1554
105    1500
106    1365
107    1260
108    1089
109    985
110    906
111    743
112    600
113    557
114    410
115    321
116    257
117    211
118    168
119    119
120    113
121    67
122    43
123    29
124    68
