58    58
59    15
60    17
61    11
62    31
63    24
64    42
65    55
66    58
67    58
68    83
69    95
70    111
71    133
72    150
73    187
74    209
75    212
76    244
77    283
78    330
79    362
80    418
81    407
82    501
83    597
84    603
85    651
86    693
87    729
88    764
89    805
90    896
91    1058
92    1022
93    1088
94    1007
95    1076
96    1197
97    1167
98    1185
99    1131
100    1231
101    1170
102    1257
103    1174
104    1167
105    1161
106    1093
107    1115
108    1016
109    1021
110    992
111    931
112    830
113    826
114    742
115    682
116    698
117    605
118    543
119    481
120    433
121    400
122    344
123    371
124    300
125    292
126    220
127    221
128    186
129    147
130    129
131    115
132    101
133    83
134    63
135    53
136    59
137    33
138    41
139    26
140    23
141    18
142    72
