58    30
59    8
60    15
61    11
62    21
63    17
64    22
65    37
66    30
67    38
68    50
69    67
70    47
71    104
72    77
73    107
74    115
75    139
76    151
77    212
78    215
79    251
80    284
81    278
82    320
83    339
84    387
85    352
86    438
87    460
88    467
89    560
90    585
91    614
92    590
93    661
94    680
95    679
96    700
97    698
98    722
99    730
100    713
101    719
102    778
103    739
104    744
105    730
106    661
107    685
108    664
109    602
110    569
111    560
112    517
113    527
114    472
115    440
116    387
117    341
118    328
119    314
120    299
121    254
122    235
123    188
124    188
125    157
126    154
127    143
128    104
129    91
130    69
131    79
132    51
133    51
134    41
135    31
136    24
137    28
138    20
139    9
140    9
141    12
142    37
