61    22
62    10
63    9
64    14
65    11
66    20
67    14
68    18
69    40
70    33
71    29
72    64
73    48
74    56
75    89
76    82
77    100
78    120
79    145
80    148
81    155
82    199
83    212
84    240
85    242
86    274
87    335
88    337
89    395
90    364
91    373
92    394
93    456
94    496
95    459
96    496
97    524
98    551
99    556
100    533
101    585
102    536
103    485
104    523
105    487
106    507
107    461
108    439
109    398
110    393
111    375
112    382
113    315
114    373
115    315
116    285
117    214
118    202
119    220
120    172
121    157
122    125
123    121
124    118
125    92
126    67
127    49
128    53
129    51
130    39
131    34
132    33
133    19
134    21
135    12
136    13
137    13
138    7
139    27
