61    9
62    4
63    6
64    1
65    3
66    4
67    2
68    10
69    7
70    9
71    8
72    20
73    17
74    16
75    17
76    21
77    38
78    44
79    36
80    45
81    40
82    60
83    60
84    73
85    85
86    91
87    93
88    108
89    116
90    114
91    100
92    123
93    133
94    130
95    169
96    164
97    149
98    175
99    166
100    161
101    165
102    145
103    143
104    163
105    159
106    154
107    156
108    145
109    138
110    127
111    125
112    119
113    118
114    102
115    110
116    78
117    62
118    64
119    57
120    62
121    34
122    30
123    41
124    32
125    17
126    17
127    19
128    18
129    13
130    6
131    10
132    4
133    8
134    8
135    4
136    3
137    7
138    0
139    9
