73    61
74    26
75    31
76    45
77    50
78    78
79    98
80    142
81    181
82    212
83    315
84    419
85    450
86    521
87    615
88    721
89    887
90    925
91    1097
92    1313
93    1380
94    1474
95    1523
96    1688
97    1803
98    1839
99    1868
100    1931
101    1903
102    1894
103    1934
104    1775
105    1623
106    1608
107    1502
108    1340
109    1247
110    1135
111    939
112    848
113    717
114    655
115    533
116    468
117    339
118    291
119    229
120    179
121    163
122    109
123    95
124    63
125    49
126    36
127    87
