64    15
65    3
66    6
67    11
68    4
69    18
70    15
71    22
72    32
73    35
74    63
75    53
76    51
77    64
78    70
79    97
80    131
81    133
82    137
83    166
84    193
85    231
86    210
87    240
88    291
89    311
90    323
91    378
92    391
93    393
94    355
95    436
96    469
97    451
98    454
99    496
100    486
101    501
102    452
103    509
104    440
105    440
106    428
107    412
108    432
109    389
110    356
111    383
112    330
113    288
114    249
115    235
116    218
117    199
118    179
119    157
120    137
121    127
122    102
123    109
124    80
125    64
126    63
127    40
128    44
129    28
130    22
131    20
132    12
133    12
134    15
135    7
136    26
