64    22
65    3
66    8
67    1
68    14
69    7
70    12
71    13
72    19
73    14
74    30
75    27
76    39
77    50
78    41
79    62
80    68
81    78
82    89
83    83
84    117
85    129
86    151
87    148
88    159
89    159
90    218
91    181
92    211
93    213
94    245
95    232
96    272
97    256
98    232
99    293
100    297
101    277
102    289
103    282
104    233
105    252
106    254
107    258
108    253
109    224
110    212
111    212
112    166
113    153
114    151
115    133
116    113
117    103
118    109
119    92
120    77
121    71
122    58
123    49
124    45
125    25
126    29
127    24
128    18
129    21
130    11
131    25
132    6
133    5
134    5
135    4
136    14
