61    1
62    0
63    1
64    0
65    1
66    0
67    1
68    0
69    3
70    2
71    1
72    2
73    3
74    6
75    3
76    4
77    9
78    2
79    7
80    10
81    8
82    8
83    6
84    14
85    12
86    17
87    14
88    17
89    21
90    23
91    16
92    22
93    17
94    16
95    20
96    22
97    25
98    20
99    21
100    22
101    20
102    27
103    34
104    21
105    20
106    29
107    41
108    25
109    21
110    22
111    19
112    20
113    15
114    17
115    22
116    13
117    8
118    12
119    10
120    9
121    11
122    15
123    7
124    7
125    4
126    3
127    4
128    3
129    4
130    2
131    3
132    1
133    0
134    1
135    0
136    0
137    0
138    0
139    1
