61    47
62    17
63    13
64    11
65    26
66    39
67    38
68    37
69    53
70    65
71    75
72    87
73    98
74    149
75    147
76    184
77    173
78    251
79    253
80    272
81    319
82    404
83    392
84    415
85    524
86    519
87    567
88    618
89    691
90    729
91    714
92    851
93    842
94    909
95    933
96    955
97    998
98    989
99    1003
100    1004
101    999
102    1025
103    997
104    943
105    968
106    960
107    847
108    900
109    817
110    743
111    793
112    678
113    624
114    635
115    525
116    507
117    432
118    387
119    354
120    328
121    302
122    271
123    185
124    178
125    154
126    139
127    113
128    99
129    77
130    103
131    53
132    56
133    39
134    43
135    24
136    34
137    21
138    18
139    62
