67    2
68    0
69    2
70    2
71    1
72    3
73    6
74    3
75    4
76    1
77    14
78    5
79    10
80    10
81    15
82    25
83    18
84    24
85    21
86    33
87    28
88    29
89    44
90    50
91    53
92    49
93    63
94    76
95    85
96    80
97    76
98    73
99    89
100    76
101    69
102    72
103    70
104    76
105    71
106    66
107    75
108    65
109    58
110    60
111    56
112    55
113    44
114    37
115    37
116    32
117    19
118    24
119    19
120    14
121    12
122    19
123    9
124    7
125    7
126    10
127    1
128    1
129    2
130    3
131    1
132    0
133    11
