61    15
62    4
63    9
64    7
65    7
66    10
67    13
68    24
69    28
70    19
71    31
72    29
73    42
74    49
75    50
76    70
77    87
78    100
79    112
80    105
81    135
82    152
83    146
84    183
85    191
86    208
87    227
88    254
89    321
90    339
91    312
92    330
93    339
94    352
95    376
96    391
97    411
98    381
99    379
100    429
101    400
102    398
103    427
104    399
105    420
106    343
107    347
108    340
109    349
110    353
111    306
112    303
113    268
114    246
115    217
116    199
117    175
118    164
119    161
120    119
121    117
122    104
123    113
124    76
125    63
126    52
127    54
128    50
129    31
130    25
131    27
132    26
133    19
134    17
135    15
136    7
137    9
138    7
139    14
