58    36
59    12
60    9
61    21
62    20
63    17
64    33
65    36
66    42
67    59
68    79
69    59
70    75
71    102
72    140
73    140
74    157
75    170
76    203
77    193
78    266
79    307
80    300
81    382
82    431
83    435
84    487
85    506
86    536
87    564
88    644
89    658
90    678
91    718
92    815
93    816
94    839
95    883
96    888
97    933
98    952
99    910
100    985
101    958
102    896
103    971
104    912
105    889
106    888
107    782
108    791
109    758
110    718
111    698
112    638
113    622
114    552
115    584
116    505
117    463
118    441
119    402
120    329
121    313
122    301
123    246
124    231
125    198
126    165
127    131
128    130
129    145
130    100
131    95
132    86
133    72
134    50
135    41
136    28
137    38
138    27
139    19
140    15
141    13
142    67
