73    0
74    1
75    3
76    2
77    1
78    1
79    4
80    6
81    8
82    6
83    9
84    13
85    15
86    11
87    25
88    35
89    47
90    41
91    37
92    38
93    53
94    53
95    49
96    61
97    56
98    69
99    72
100    71
101    78
102    72
103    71
104    56
105    67
106    53
107    49
108    41
109    53
110    45
111    40
112    28
113    19
114    25
115    10
116    9
117    12
118    7
119    12
120    7
121    9
122    5
123    6
124    1
125    0
126    3
127    3
