73    2
74    0
75    2
76    0
77    0
78    4
79    2
80    3
81    4
82    7
83    9
84    9
85    11
86    10
87    11
88    19
89    27
90    28
91    23
92    33
93    46
94    36
95    35
96    40
97    39
98    37
99    41
100    34
101    56
102    47
103    40
104    46
105    52
106    45
107    24
108    36
109    36
110    33
111    27
112    19
113    13
114    13
115    9
116    10
117    10
118    3
119    3
120    1
121    5
122    1
123    2
124    1
125    1
126    0
127    0
