67    3
68    1
69    2
70    2
71    2
72    3
73    4
74    3
75    7
76    6
77    9
78    5
79    12
80    20
81    14
82    15
83    16
84    16
85    21
86    26
87    32
88    38
89    34
90    53
91    49
92    50
93    60
94    54
95    55
96    51
97    61
98    76
99    65
100    77
101    79
102    69
103    54
104    73
105    61
106    61
107    60
108    44
109    43
110    58
111    50
112    42
113    40
114    23
115    20
116    23
117    22
118    17
119    15
120    14
121    14
122    10
123    10
124    8
125    7
126    2
127    3
128    1
129    5
130    3
131    1
132    0
133    3
