70    9
71    4
72    4
73    7
74    6
75    4
76    16
77    14
78    14
79    28
80    32
81    34
82    44
83    59
84    59
85    66
86    73
87    99
88    105
89    149
90    145
91    175
92    159
93    162
94    187
95    206
96    196
97    224
98    234
99    240
100    249
101    246
102    258
103    227
104    222
105    238
106    209
107    194
108    175
109    166
110    149
111    124
112    124
113    110
114    94
115    93
116    91
117    52
118    56
119    43
120    39
121    22
122    20
123    24
124    19
125    8
126    8
127    13
128    6
129    3
130    8
