67    1
68    1
69    0
70    1
71    2
72    1
73    1
74    4
75    2
76    0
77    4
78    1
79    5
80    7
81    8
82    6
83    8
84    6
85    8
86    6
87    15
88    23
89    15
90    14
91    21
92    17
93    30
94    18
95    21
96    37
97    23
98    24
99    31
100    27
101    28
102    24
103    20
104    35
105    23
106    32
107    30
108    21
109    20
110    21
111    15
112    14
113    21
114    17
115    13
116    9
117    13
118    7
119    3
120    7
121    5
122    2
123    3
124    3
125    1
126    2
127    2
128    2
129    0
130    0
131    0
132    1
133    2
