61    2
62    2
63    4
64    5
65    4
66    3
67    8
68    11
69    8
70    13
71    11
72    20
73    19
74    19
75    21
76    28
77    34
78    24
79    50
80    49
81    63
82    57
83    69
84    63
85    98
86    95
87    105
88    100
89    122
90    125
91    114
92    135
93    125
94    157
95    170
96    167
97    169
98    162
99    174
100    178
101    184
102    166
103    169
104    167
105    158
106    155
107    146
108    143
109    146
110    125
111    111
112    130
113    114
114    79
115    91
116    88
117    78
118    64
119    47
120    46
121    44
122    44
123    37
124    26
125    34
126    35
127    22
128    17
129    9
130    16
131    10
132    4
133    6
134    6
135    7
136    5
137    3
138    2
139    10
