70    3
71    1
72    4
73    2
74    3
75    10
76    10
77    10
78    26
79    27
80    19
81    24
82    26
83    43
84    48
85    46
86    70
87    61
88    88
89    90
90    97
91    125
92    124
93    141
94    147
95    172
96    185
97    187
98    181
99    194
100    168
101    200
102    178
103    196
104    202
105    153
106    176
107    143
108    146
109    116
110    116
111    103
112    94
113    98
114    69
115    72
116    52
117    43
118    39
119    36
120    30
121    26
122    15
123    12
124    14
125    6
126    5
127    6
128    2
129    7
130    7
