58    58
59    16
60    25
61    23
62    35
63    22
64    47
65    58
66    46
67    80
68    83
69    117
70    147
71    129
72    171
73    216
74    217
75    261
76    310
77    353
78    381
79    406
80    444
81    494
82    571
83    603
84    656
85    727
86    778
87    850
88    880
89    975
90    1016
91    1051
92    1080
93    1186
94    1229
95    1270
96    1239
97    1314
98    1336
99    1263
100    1279
101    1388
102    1360
103    1314
104    1292
105    1303
106    1258
107    1167
108    1179
109    1104
110    1103
111    986
112    928
113    878
114    813
115    779
116    696
117    656
118    607
119    545
120    509
121    465
122    391
123    404
124    339
125    306
126    252
127    230
128    179
129    193
130    155
131    119
132    106
133    87
134    69
135    52
136    55
137    38
138    31
139    22
140    16
141    17
142    88
