70    1
71    0
72    0
73    0
74    0
75    4
76    0
77    0
78    0
79    2
80    1
81    2
82    3
83    2
84    10
85    7
86    6
87    11
88    11
89    14
90    10
91    15
92    6
93    21
94    15
95    20
96    19
97    15
98    24
99    22
100    21
101    28
102    20
103    21
104    18
105    27
106    16
107    11
108    18
109    14
110    10
111    12
112    6
113    6
114    10
115    6
116    8
117    1
118    7
119    1
120    2
121    9
122    1
123    3
124    1
125    1
126    1
127    1
128    0
129    0
130    1
