61    44
62    12
63    27
64    30
65    35
66    38
67    45
68    43
69    75
70    72
71    103
72    103
73    140
74    167
75    183
76    216
77    232
78    238
79    311
80    354
81    391
82    412
83    478
84    569
85    558
86    634
87    682
88    732
89    822
90    857
91    890
92    960
93    1024
94    1079
95    1153
96    1138
97    1160
98    1142
99    1198
100    1223
101    1154
102    1208
103    1219
104    1148
105    1147
106    1124
107    1052
108    1022
109    941
110    915
111    815
112    790
113    716
114    673
115    666
116    580
117    578
118    504
119    443
120    381
121    357
122    277
123    275
124    241
125    208
126    180
127    133
128    140
129    130
130    110
131    72
132    58
133    42
134    45
135    43
136    29
137    27
138    19
139    76
