73    9
74    3
75    2
76    3
77    1
78    3
79    4
80    9
81    21
82    21
83    19
84    27
85    29
86    35
87    44
88    57
89    75
90    87
91    91
92    97
93    101
94    105
95    128
96    131
97    132
98    143
99    144
100    156
101    158
102    146
103    153
104    168
105    131
106    152
107    119
108    105
109    100
110    89
111    72
112    70
113    60
114    56
115    45
116    32
117    39
118    27
119    21
120    10
121    9
122    11
123    9
124    1
125    2
126    2
127    11
