61    5
62    3
63    1
64    1
65    4
66    1
67    8
68    1
69    8
70    7
71    11
72    5
73    17
74    17
75    13
76    17
77    20
78    28
79    30
80    26
81    43
82    48
83    47
84    68
85    53
86    64
87    65
88    62
89    81
90    84
91    80
92    104
93    106
94    124
95    109
96    120
97    108
98    136
99    118
100    109
101    114
102    103
103    118
104    107
105    123
106    102
107    103
108    111
109    101
110    95
111    97
112    88
113    74
114    70
115    54
116    71
117    54
118    48
119    42
120    53
121    34
122    27
123    20
124    26
125    15
126    28
127    11
128    17
129    12
130    6
131    6
132    9
133    2
134    6
135    1
136    1
137    3
138    0
139    5
