58    7
59    2
60    3
61    2
62    1
63    2
64    8
65    6
66    3
67    6
68    2
69    12
70    4
71    16
72    12
73    23
74    19
75    27
76    29
77    40
78    35
79    38
80    50
81    47
82    48
83    79
84    61
85    79
86    69
87    70
88    83
89    76
90    95
91    105
92    109
93    103
94    113
95    130
96    110
97    119
98    98
99    133
100    114
101    124
102    112
103    116
104    122
105    118
106    114
107    114
108    123
109    90
110    113
111    95
112    89
113    87
114    52
115    70
116    79
117    57
118    42
119    48
120    56
121    44
122    31
123    42
124    26
125    39
126    21
127    14
128    17
129    15
130    15
131    9
132    10
133    6
134    3
135    7
136    8
137    10
138    5
139    4
140    1
141    2
142    6
