70    11
71    9
72    5
73    4
74    9
75    9
76    16
77    23
78    22
79    32
80    39
81    34
82    57
83    62
84    88
85    94
86    109
87    119
88    120
89    151
90    168
91    199
92    219
93    215
94    252
95    267
96    267
97    281
98    310
99    308
100    266
101    308
102    307
103    301
104    316
105    275
106    317
107    243
108    239
109    204
110    214
111    167
112    141
113    149
114    100
115    112
116    97
117    85
118    51
119    48
120    36
121    34
122    38
123    32
124    15
125    17
126    11
127    8
128    10
129    8
130    14
