58    0
59    0
60    1
61    4
62    3
63    4
64    4
65    1
66    2
67    6
68    7
69    4
70    3
71    11
72    10
73    11
74    16
75    20
76    13
77    23
78    26
79    34
80    26
81    53
82    33
83    45
84    46
85    46
86    52
87    58
88    52
89    51
90    55
91    72
92    75
93    81
94    71
95    93
96    82
97    84
98    81
99    84
100    68
101    65
102    69
103    107
104    79
105    100
106    72
107    69
108    85
109    70
110    60
111    66
112    60
113    51
114    48
115    65
116    56
117    43
118    36
119    29
120    35
121    32
122    24
123    28
124    23
125    19
126    17
127    15
128    16
129    6
130    11
131    16
132    4
133    3
134    5
135    1
136    3
137    1
138    6
139    2
140    1
141    3
142    10
