58    8
59    2
60    2
61    2
62    3
63    7
64    5
65    9
66    8
67    12
68    9
69    19
70    10
71    24
72    32
73    29
74    30
75    33
76    40
77    47
78    51
79    55
80    72
81    74
82    87
83    105
84    75
85    133
86    109
87    113
88    116
89    148
90    125
91    136
92    173
93    165
94    151
95    170
96    169
97    178
98    187
99    197
100    198
101    194
102    193
103    187
104    176
105    173
106    194
107    203
108    146
109    144
110    137
111    140
112    137
113    126
114    123
115    106
116    90
117    98
118    90
119    88
120    62
121    65
122    53
123    51
124    54
125    36
126    30
127    40
128    28
129    28
130    25
131    9
132    13
133    9
134    9
135    6
136    8
137    6
138    6
139    1
140    6
141    3
142    13
