58    4
59    1
60    0
61    0
62    3
63    1
64    1
65    0
66    5
67    7
68    5
69    11
70    12
71    13
72    15
73    14
74    21
75    29
76    23
77    21
78    32
79    44
80    38
81    50
82    46
83    50
84    51
85    64
86    86
87    81
88    73
89    91
90    85
91    83
92    82
93    99
94    98
95    85
96    101
97    103
98    116
99    120
100    129
101    107
102    112
103    104
104    106
105    106
106    94
107    101
108    94
109    76
110    94
111    92
112    92
113    79
114    80
115    72
116    59
117    62
118    49
119    42
120    41
121    24
122    34
123    19
124    29
125    20
126    12
127    17
128    22
129    12
130    7
131    17
132    7
133    10
134    5
135    3
136    4
137    2
138    1
139    0
140    1
141    2
142    6
