61    15
62    5
63    6
64    8
65    11
66    9
67    19
68    12
69    17
70    15
71    25
72    26
73    34
74    43
75    57
76    45
77    66
78    73
79    94
80    96
81    114
82    120
83    153
84    158
85    135
86    169
87    188
88    239
89    237
90    260
91    296
92    258
93    263
94    304
95    301
96    341
97    322
98    322
99    362
100    381
101    357
102    334
103    297
104    335
105    344
106    324
107    328
108    269
109    278
110    250
111    231
112    249
113    215
114    214
115    183
116    190
117    142
118    134
119    145
120    115
121    86
122    83
123    64
124    79
125    65
126    65
127    48
128    39
129    34
130    31
131    17
132    23
133    27
134    15
135    13
136    6
137    6
138    8
139    20
