61    7
62    4
63    2
64    3
65    5
66    3
67    6
68    11
69    16
70    7
71    13
72    17
73    20
74    26
75    27
76    31
77    38
78    42
79    37
80    50
81    48
82    58
83    70
84    67
85    97
86    104
87    104
88    126
89    120
90    131
91    119
92    170
93    146
94    137
95    174
96    145
97    165
98    172
99    186
100    185
101    171
102    168
103    173
104    173
105    164
106    131
107    157
108    129
109    131
110    138
111    140
112    120
113    93
114    103
115    100
116    89
117    72
118    66
119    64
120    42
121    45
122    34
123    24
124    39
125    31
126    19
127    18
128    19
129    19
130    9
131    9
132    5
133    9
134    11
135    5
136    6
137    3
138    3
139    12
