70    11
71    2
72    5
73    8
74    8
75    18
76    21
77    20
78    31
79    27
80    60
81    48
82    61
83    56
84    108
85    116
86    123
87    131
88    158
89    186
90    228
91    261
92    237
93    292
94    284
95    345
96    327
97    347
98    322
99    351
100    365
101    378
102    384
103    359
104    371
105    352
106    296
107    328
108    306
109    272
110    244
111    224
112    176
113    169
114    130
115    130
116    102
117    78
118    83
119    73
120    63
121    43
122    29
123    33
124    18
125    25
126    10
127    7
128    7
129    8
130    19
