64    8
65    2
66    1
67    1
68    1
69    5
70    5
71    12
72    10
73    6
74    17
75    9
76    11
77    17
78    27
79    25
80    28
81    35
82    34
83    43
84    57
85    48
86    48
87    77
88    74
89    86
90    94
91    91
92    97
93    90
94    125
95    95
96    100
97    107
98    133
99    111
100    114
101    114
102    128
103    108
104    119
105    111
106    123
107    114
108    126
109    93
110    75
111    83
112    66
113    68
114    67
115    65
116    58
117    53
118    36
119    32
120    29
121    25
122    19
123    20
124    20
125    13
126    7
127    13
128    12
129    10
130    5
131    5
132    2
133    3
134    3
135    3
136    12
