70    3
71    5
72    1
73    4
74    5
75    2
76    13
77    18
78    15
79    22
80    21
81    29
82    32
83    42
84    56
85    48
86    69
87    67
88    71
89    98
90    109
91    98
92    110
93    143
94    145
95    149
96    155
97    186
98    162
99    171
100    166
101    173
102    171
103    163
104    165
105    155
106    126
107    143
108    141
109    115
110    88
111    78
112    80
113    82
114    65
115    70
116    61
117    57
118    35
119    25
120    32
121    26
122    21
123    10
124    11
125    7
126    7
127    6
128    2
129    4
130    10
