73    29
74    9
75    7
76    11
77    23
78    43
79    37
80    51
81    69
82    83
83    107
84    138
85    151
86    185
87    262
88    287
89    315
90    376
91    400
92    494
93    524
94    544
95    622
96    650
97    687
98    712
99    711
100    773
101    727
102    758
103    704
104    634
105    686
106    639
107    532
108    504
109    466
110    401
111    384
112    317
113    268
114    263
115    219
116    177
117    123
118    111
119    89
120    56
121    57
122    49
123    39
124    14
125    17
126    16
127    32
