70    8
71    4
72    2
73    2
74    4
75    9
76    11
77    16
78    19
79    23
80    19
81    26
82    38
83    46
84    67
85    85
86    73
87    88
88    99
89    112
90    111
91    148
92    138
93    142
94    176
95    173
96    206
97    191
98    217
99    213
100    217
101    213
102    186
103    187
104    179
105    187
106    181
107    180
108    161
109    137
110    151
111    133
112    127
113    92
114    83
115    76
116    57
117    63
118    47
119    44
120    33
121    21
122    13
123    18
124    10
125    8
126    8
127    3
128    2
129    2
130    14
