58    37
59    7
60    5
61    16
62    6
63    22
64    12
65    24
66    22
67    27
68    29
69    37
70    57
71    49
72    62
73    72
74    81
75    91
76    108
77    114
78    149
79    176
80    179
81    169
82    214
83    226
84    259
85    284
86    292
87    353
88    349
89    359
90    375
91    415
92    486
93    427
94    450
95    456
96    495
97    551
98    552
99    582
100    527
101    491
102    518
103    503
104    537
105    479
106    470
107    473
108    471
109    446
110    420
111    410
112    401
113    366
114    306
115    308
116    282
117    269
118    242
119    223
120    229
121    170
122    151
123    141
124    145
125    103
126    116
127    86
128    74
129    52
130    49
131    49
132    38
133    33
134    30
135    23
136    19
137    16
138    16
139    8
140    10
141    11
142    37
