73    12
74    7
75    3
76    10
77    15
78    14
79    22
80    31
81    47
82    51
83    65
84    77
85    100
86    113
87    132
88    161
89    187
90    199
91    218
92    288
93    289
94    314
95    284
96    394
97    359
98    389
99    382
100    366
101    390
102    382
103    398
104    363
105    345
106    356
107    325
108    302
109    260
110    208
111    225
112    199
113    144
114    132
115    88
116    85
117    73
118    64
119    53
120    35
121    29
122    19
123    19
124    17
125    8
126    3
127    15
