67    12
68    6
69    8
70    9
71    12
72    13
73    18
74    25
75    25
76    37
77    43
78    49
79    57
80    57
81    83
82    103
83    124
84    143
85    135
86    182
87    177
88    246
89    252
90    258
91    311
92    319
93    332
94    373
95    366
96    359
97    373
98    393
99    407
100    386
101    418
102    384
103    372
104    408
105    374
106    382
107    318
108    296
109    313
110    286
111    257
112    225
113    205
114    198
115    168
116    146
117    136
118    102
119    88
120    80
121    70
122    71
123    46
124    57
125    42
126    27
127    25
128    12
129    13
130    5
131    9
132    13
133    23
