64    2
65    1
66    1
67    2
68    1
69    3
70    4
71    1
72    3
73    5
74    6
75    13
76    8
77    8
78    7
79    22
80    16
81    15
82    18
83    32
84    17
85    27
86    34
87    30
88    44
89    38
90    57
91    50
92    69
93    53
94    50
95    50
96    66
97    64
98    67
99    79
100    74
101    81
102    76
103    74
104    73
105    60
106    68
107    67
108    53
109    51
110    49
111    34
112    41
113    49
114    23
115    35
116    34
117    17
118    33
119    17
120    23
121    18
122    17
123    8
124    15
125    6
126    4
127    4
128    4
129    0
130    8
131    3
132    1
133    1
134    1
135    2
136    4
