61    2
62    0
63    0
64    4
65    2
66    0
67    3
68    2
69    6
70    9
71    8
72    11
73    12
74    10
75    11
76    15
77    16
78    27
79    20
80    33
81    26
82    23
83    30
84    47
85    42
86    41
87    43
88    48
89    64
90    60
91    72
92    79
93    89
94    58
95    72
96    78
97    101
98    87
99    89
100    97
101    85
102    91
103    85
104    89
105    74
106    83
107    84
108    79
109    74
110    60
111    59
112    56
113    51
114    56
115    39
116    44
117    28
118    27
119    30
120    26
121    20
122    23
123    15
124    13
125    16
126    12
127    11
128    7
129    5
130    5
131    7
132    4
133    3
134    4
135    4
136    3
137    0
138    2
139    5
