61    7
62    3
63    7
64    3
65    3
66    7
67    5
68    5
69    13
70    10
71    14
72    7
73    25
74    26
75    26
76    31
77    33
78    58
79    50
80    55
81    53
82    54
83    74
84    75
85    91
86    113
87    119
88    88
89    115
90    121
91    136
92    133
93    132
94    166
95    147
96    175
97    174
98    160
99    185
100    178
101    177
102    172
103    140
104    168
105    135
106    157
107    156
108    150
109    137
110    132
111    121
112    123
113    112
114    102
115    88
116    98
117    76
118    64
119    50
120    52
121    52
122    46
123    47
124    29
125    21
126    30
127    20
128    16
129    13
130    14
131    9
132    6
133    7
134    7
135    3
136    5
137    4
138    3
139    12
