64    12
65    7
66    8
67    8
68    7
69    8
70    12
71    17
72    22
73    21
74    24
75    29
76    39
77    47
78    58
79    60
80    51
81    82
82    108
83    88
84    125
85    110
86    169
87    156
88    194
89    216
90    209
91    220
92    247
93    299
94    266
95    258
96    308
97    316
98    283
99    309
100    277
101    331
102    329
103    279
104    307
105    314
106    299
107    251
108    258
109    255
110    218
111    202
112    199
113    168
114    174
115    148
116    120
117    132
118    127
119    98
120    81
121    56
122    67
123    53
124    39
125    35
126    25
127    31
128    18
129    11
130    19
131    17
132    8
133    14
134    7
135    7
136    17
