73    6
74    5
75    2
76    3
77    4
78    10
79    13
80    17
81    19
82    19
83    34
84    38
85    48
86    70
87    63
88    105
89    90
90    81
91    110
92    119
93    138
94    129
95    154
96    159
97    148
98    194
99    205
100    185
101    161
102    201
103    195
104    177
105    149
106    175
107    136
108    125
109    137
110    115
111    72
112    108
113    77
114    66
115    59
116    43
117    42
118    37
119    19
120    23
121    15
122    8
123    11
124    4
125    1
126    1
127    19
