70    11
71    7
72    8
73    14
74    11
75    7
76    21
77    22
78    28
79    51
80    49
81    60
82    100
83    102
84    128
85    124
86    140
87    168
88    218
89    233
90    230
91    276
92    275
93    353
94    364
95    411
96    412
97    392
98    412
99    407
100    452
101    430
102    440
103    422
104    423
105    379
106    379
107    322
108    345
109    314
110    313
111    241
112    262
113    215
114    156
115    149
116    152
117    111
118    82
119    78
120    82
121    56
122    51
123    36
124    35
125    23
126    21
127    14
128    11
129    8
130    18
