64    14
65    4
66    4
67    7
68    17
69    12
70    16
71    11
72    23
73    29
74    29
75    35
76    43
77    47
78    54
79    72
80    77
81    90
82    123
83    122
84    143
85    146
86    162
87    185
88    219
89    242
90    224
91    284
92    261
93    299
94    292
95    319
96    361
97    311
98    338
99    359
100    348
101    356
102    355
103    344
104    364
105    344
106    303
107    289
108    306
109    268
110    238
111    238
112    204
113    193
114    197
115    163
116    144
117    130
118    121
119    117
120    95
121    80
122    77
123    46
124    51
125    41
126    36
127    33
128    24
129    19
130    21
131    14
132    8
133    7
134    6
135    9
136    15
