61    22
62    3
63    5
64    7
65    5
66    15
67    13
68    20
69    39
70    24
71    37
72    45
73    41
74    62
75    50
76    63
77    97
78    109
79    119
80    133
81    147
82    151
83    183
84    177
85    210
86    218
87    301
88    281
89    290
90    335
91    392
92    351
93    375
94    400
95    422
96    418
97    466
98    440
99    476
100    446
101    456
102    459
103    436
104    456
105    387
106    402
107    384
108    401
109    360
110    335
111    312
112    320
113    277
114    276
115    230
116    224
117    211
118    171
119    173
120    150
121    133
122    119
123    103
124    91
125    77
126    71
127    52
128    47
129    50
130    31
131    29
132    27
133    21
134    16
135    14
136    10
137    10
138    8
139    22
