61    20
62    0
63    4
64    10
65    10
66    14
67    14
68    20
69    24
70    26
71    31
72    39
73    47
74    52
75    63
76    82
77    73
78    105
79    112
80    129
81    125
82    158
83    148
84    200
85    215
86    212
87    257
88    225
89    271
90    304
91    331
92    340
93    346
94    380
95    354
96    374
97    383
98    406
99    415
100    436
101    410
102    443
103    421
104    374
105    414
106    357
107    342
108    405
109    315
110    321
111    324
112    302
113    236
114    240
115    222
116    193
117    201
118    166
119    161
120    151
121    134
122    91
123    89
124    89
125    72
126    51
127    52
128    42
129    35
130    32
131    29
132    19
133    23
134    20
135    16
136    14
137    10
138    7
139    22
