58    8
59    5
60    3
61    4
62    4
63    6
64    3
65    9
66    4
67    10
68    13
69    13
70    14
71    20
72    17
73    23
74    30
75    36
76    31
77    30
78    38
79    32
80    36
81    45
82    63
83    61
84    59
85    56
86    89
87    79
88    77
89    103
90    100
91    99
92    129
93    116
94    119
95    111
96    125
97    122
98    141
99    145
100    140
101    120
102    136
103    113
104    127
105    116
106    115
107    119
108    126
109    100
110    91
111    108
112    92
113    79
114    85
115    62
116    86
117    62
118    58
119    49
120    44
121    42
122    38
123    31
124    27
125    38
126    24
127    23
128    24
129    18
130    15
131    6
132    7
133    6
134    8
135    6
136    8
137    4
138    4
139    2
140    2
141    1
142    7
