64    10
65    4
66    9
67    8
68    5
69    15
70    7
71    12
72    15
73    22
74    25
75    29
76    26
77    33
78    48
79    51
80    59
81    63
82    82
83    76
84    100
85    108
86    118
87    139
88    112
89    148
90    171
91    173
92    203
93    215
94    193
95    220
96    220
97    239
98    227
99    244
100    224
101    236
102    239
103    256
104    222
105    201
106    206
107    221
108    226
109    211
110    155
111    177
112    176
113    154
114    129
115    118
116    108
117    107
118    99
119    83
120    51
121    56
122    40
123    38
124    37
125    28
126    23
127    19
128    16
129    21
130    12
131    8
132    10
133    14
134    4
135    3
136    12
