73    54
74    22
75    35
76    37
77    48
78    68
79    89
80    112
81    168
82    218
83    235
84    312
85    371
86    413
87    566
88    657
89    707
90    794
91    974
92    1111
93    1193
94    1317
95    1281
96    1471
97    1494
98    1521
99    1671
100    1671
101    1674
102    1661
103    1650
104    1571
105    1414
106    1362
107    1311
108    1154
109    1060
110    958
111    887
112    794
113    653
114    547
115    451
116    375
117    306
118    236
119    198
120    156
121    123
122    84
123    95
124    55
125    49
126    34
127    68
