73    46
74    13
75    24
76    27
77    33
78    61
79    64
80    80
81    98
82    133
83    182
84    213
85    260
86    313
87    350
88    392
89    491
90    618
91    656
92    756
93    821
94    905
95    975
96    1057
97    1103
98    1094
99    1130
100    1175
101    1154
102    1142
103    1119
104    1001
105    1055
106    1025
107    858
108    829
109    746
110    627
111    559
112    515
113    436
114    356
115    295
116    275
117    203
118    174
119    152
120    118
121    89
122    74
123    40
124    37
125    38
126    24
127    61
