61    36
62    8
63    15
64    12
65    19
66    20
67    34
68    39
69    41
70    41
71    62
72    69
73    96
74    97
75    110
76    153
77    169
78    161
79    209
80    244
81    260
82    280
83    311
84    354
85    437
86    402
87    492
88    512
89    537
90    611
91    583
92    666
93    698
94    689
95    722
96    765
97    776
98    754
99    790
100    773
101    807
102    795
103    759
104    781
105    823
106    697
107    703
108    653
109    662
110    650
111    630
112    509
113    479
114    441
115    424
116    394
117    355
118    306
119    300
120    257
121    252
122    211
123    178
124    159
125    149
126    109
127    100
128    75
129    53
130    53
131    35
132    55
133    38
134    30
135    20
136    16
137    15
138    14
139    38
