67    9
68    0
69    3
70    3
71    2
72    4
73    5
74    8
75    5
76    10
77    12
78    18
79    15
80    25
81    26
82    34
83    34
84    43
85    59
86    64
87    63
88    73
89    77
90    84
91    95
92    103
93    119
94    116
95    129
96    131
97    127
98    148
99    126
100    128
101    133
102    136
103    137
104    142
105    117
106    118
107    129
108    89
109    101
110    97
111    94
112    71
113    52
114    69
115    70
116    37
117    47
118    40
119    27
120    21
121    20
122    19
123    18
124    14
125    13
126    11
127    7
128    7
129    5
130    5
131    0
132    3
133    8
