61    13
62    6
63    5
64    4
65    7
66    15
67    12
68    7
69    17
70    23
71    20
72    26
73    35
74    32
75    47
76    46
77    50
78    53
79    83
80    101
81    100
82    115
83    115
84    119
85    141
86    149
87    164
88    183
89    185
90    191
91    235
92    243
93    244
94    218
95    277
96    249
97    288
98    273
99    280
100    263
101    280
102    260
103    298
104    263
105    270
106    240
107    265
108    249
109    237
110    223
111    202
112    193
113    188
114    174
115    149
116    151
117    118
118    115
119    90
120    83
121    83
122    79
123    61
124    51
125    59
126    46
127    39
128    29
129    25
130    22
131    20
132    18
133    13
134    9
135    9
136    7
137    5
138    3
139    14
