64    3
65    1
66    1
67    5
68    0
69    2
70    4
71    2
72    3
73    2
74    2
75    3
76    8
77    8
78    7
79    4
80    9
81    12
82    14
83    16
84    23
85    24
86    17
87    28
88    25
89    34
90    47
91    41
92    47
93    50
94    38
95    65
96    52
97    49
98    39
99    53
100    45
101    53
102    51
103    53
104    47
105    48
106    39
107    43
108    40
109    49
110    40
111    36
112    28
113    23
114    25
115    25
116    23
117    15
118    30
119    22
120    14
121    10
122    15
123    9
124    7
125    6
126    5
127    3
128    6
129    4
130    2
131    2
132    2
133    1
134    3
135    1
136    5
