73    3
74    3
75    2
76    2
77    2
78    7
79    3
80    9
81    13
82    12
83    20
84    17
85    25
86    23
87    26
88    49
89    60
90    64
91    71
92    88
93    71
94    83
95    97
96    108
97    103
98    106
99    112
100    107
101    110
102    116
103    128
104    127
105    98
106    86
107    76
108    81
109    62
110    79
111    65
112    49
113    47
114    34
115    25
116    19
117    27
118    19
119    19
120    12
121    12
122    11
123    9
124    4
125    1
126    1
127    3
