64    3
65    1
66    0
67    1
68    0
69    0
70    2
71    1
72    3
73    0
74    0
75    2
76    1
77    6
78    1
79    3
80    3
81    7
82    3
83    7
84    5
85    11
86    9
87    5
88    12
89    12
90    10
91    13
92    13
93    17
94    13
95    17
96    21
97    15
98    20
99    15
100    10
101    17
102    16
103    17
104    20
105    15
106    17
107    16
108    9
109    22
110    12
111    6
112    14
113    7
114    8
115    9
116    5
117    5
118    7
119    8
120    7
121    5
122    1
123    2
124    2
125    2
126    3
127    1
128    2
129    1
130    1
131    1
132    0
133    1
134    0
135    0
136    1
