70    17
71    5
72    6
73    12
74    10
75    14
76    14
77    31
78    42
79    36
80    40
81    65
82    70
83    107
84    127
85    140
86    144
87    167
88    188
89    216
90    249
91    290
92    312
93    333
94    364
95    397
96    403
97    376
98    424
99    368
100    429
101    448
102    417
103    418
104    425
105    387
106    350
107    329
108    319
109    290
110    249
111    263
112    212
113    190
114    151
115    134
116    128
117    117
118    98
119    85
120    69
121    57
122    41
123    42
124    34
125    19
126    15
127    10
128    11
129    7
130    16
