58    6
59    1
60    2
61    3
62    4
63    2
64    3
65    5
66    10
67    3
68    6
69    15
70    16
71    17
72    15
73    18
74    19
75    26
76    43
77    34
78    45
79    47
80    75
81    52
82    46
83    57
84    58
85    70
86    73
87    77
88    104
89    92
90    111
91    124
92    137
93    126
94    151
95    160
96    128
97    160
98    171
99    184
100    149
101    163
102    142
103    180
104    134
105    148
106    156
107    135
108    143
109    106
110    107
111    117
112    95
113    105
114    102
115    80
116    75
117    74
118    57
119    69
120    53
121    49
122    56
123    49
124    33
125    27
126    23
127    28
128    32
129    11
130    20
131    13
132    14
133    10
134    9
135    9
136    7
137    6
138    5
139    3
140    2
141    1
142    6
