67    20
68    8
69    7
70    12
71    23
72    20
73    19
74    27
75    26
76    51
77    55
78    55
79    82
80    92
81    97
82    145
83    158
84    191
85    169
86    207
87    238
88    279
89    295
90    311
91    355
92    383
93    413
94    436
95    467
96    448
97    475
98    529
99    478
100    505
101    472
102    467
103    507
104    487
105    481
106    430
107    409
108    405
109    400
110    381
111    311
112    317
113    281
114    249
115    215
116    181
117    136
118    157
119    136
120    94
121    82
122    85
123    61
124    48
125    37
126    36
127    21
128    24
129    20
130    16
131    14
132    14
133    27
