58    2
59    0
60    0
61    2
62    0
63    1
64    1
65    2
66    2
67    2
68    1
69    2
70    6
71    4
72    9
73    3
74    6
75    10
76    7
77    8
78    8
79    14
80    14
81    20
82    15
83    16
84    23
85    17
86    23
87    31
88    24
89    20
90    34
91    29
92    43
93    35
94    34
95    30
96    40
97    39
98    29
99    44
100    35
101    30
102    33
103    31
104    29
105    38
106    31
107    23
108    29
109    29
110    27
111    29
112    25
113    23
114    24
115    26
116    22
117    13
118    20
119    21
120    19
121    7
122    17
123    11
124    6
125    8
126    8
127    9
128    4
129    6
130    4
131    2
132    1
133    4
134    1
135    1
136    2
137    2
138    0
139    0
140    1
141    1
142    5
