64    14
65    9
66    9
67    10
68    9
69    7
70    15
71    20
72    18
73    25
74    43
75    28
76    61
77    65
78    78
79    81
80    85
81    107
82    112
83    129
84    171
85    176
86    178
87    215
88    235
89    259
90    257
91    277
92    319
93    344
94    374
95    365
96    375
97    377
98    466
99    385
100    393
101    365
102    418
103    368
104    411
105    378
106    365
107    310
108    323
109    325
110    298
111    289
112    250
113    233
114    232
115    155
116    180
117    166
118    146
119    120
120    92
121    98
122    63
123    74
124    54
125    59
126    45
127    40
128    25
129    29
130    21
131    18
132    9
133    8
134    5
135    8
136    18
