70    18
71    5
72    6
73    5
74    11
75    16
76    26
77    22
78    28
79    32
80    46
81    57
82    60
83    66
84    84
85    106
86    143
87    142
88    167
89    189
90    214
91    234
92    279
93    260
94    286
95    279
96    335
97    347
98    340
99    352
100    367
101    361
102    334
103    401
104    384
105    344
106    336
107    277
108    263
109    251
110    221
111    224
112    209
113    170
114    160
115    130
116    116
117    85
118    77
119    74
120    43
121    49
122    39
123    29
124    22
125    15
126    10
127    13
128    10
129    5
130    21
