64    14
65    4
66    6
67    9
68    12
69    16
70    14
71    22
72    21
73    24
74    36
75    40
76    46
77    67
78    72
79    77
80    96
81    110
82    136
83    141
84    153
85    188
86    204
87    236
88    235
89    264
90    310
91    300
92    291
93    328
94    377
95    421
96    402
97    378
98    459
99    404
100    424
101    422
102    417
103    390
104    382
105    383
106    393
107    381
108    384
109    327
110    301
111    303
112    252
113    289
114    218
115    219
116    179
117    154
118    129
119    123
120    80
121    96
122    80
123    69
124    56
125    47
126    56
127    33
128    31
129    21
130    30
131    13
132    13
133    15
134    11
135    11
136    24
