64    6
65    2
66    4
67    2
68    7
69    3
70    7
71    4
72    8
73    15
74    13
75    14
76    23
77    32
78    29
79    27
80    46
81    45
82    43
83    39
84    81
85    61
86    61
87    70
88    84
89    97
90    99
91    113
92    115
93    137
94    123
95    141
96    154
97    145
98    125
99    161
100    154
101    168
102    159
103    143
104    131
105    148
106    145
107    139
108    116
109    121
110    115
111    96
112    84
113    81
114    82
115    72
116    60
117    58
118    52
119    38
120    42
121    28
122    38
123    21
124    11
125    17
126    12
127    17
128    11
129    11
130    3
131    5
132    6
133    2
134    0
135    0
136    11
