70    35
71    6
72    20
73    22
74    29
75    25
76    41
77    53
78    79
79    82
80    124
81    129
82    190
83    202
84    222
85    283
86    352
87    396
88    398
89    495
90    508
91    604
92    642
93    696
94    723
95    812
96    844
97    863
98    928
99    906
100    948
101    980
102    900
103    941
104    923
105    834
106    804
107    743
108    727
109    622
110    595
111    544
112    468
113    462
114    373
115    314
116    301
117    189
118    218
119    176
120    151
121    110
122    88
123    75
124    68
125    49
126    35
127    26
128    16
129    15
130    56
