61    14
62    9
63    10
64    5
65    10
66    12
67    16
68    13
69    18
70    28
71    27
72    47
73    44
74    52
75    53
76    77
77    74
78    78
79    89
80    99
81    129
82    139
83    148
84    181
85    206
86    227
87    211
88    254
89    277
90    245
91    290
92    328
93    338
94    336
95    341
96    382
97    368
98    376
99    432
100    366
101    396
102    378
103    355
104    373
105    382
106    359
107    344
108    322
109    303
110    295
111    273
112    266
113    225
114    190
115    233
116    160
117    202
118    148
119    141
120    132
121    108
122    105
123    101
124    84
125    73
126    60
127    59
128    33
129    39
130    28
131    31
132    21
133    23
134    18
135    11
136    6
137    6
138    7
139    30
