64    5
65    0
66    1
67    7
68    2
69    10
70    9
71    10
72    9
73    8
74    15
75    22
76    24
77    26
78    32
79    39
80    43
81    56
82    60
83    84
84    82
85    65
86    87
87    95
88    117
89    135
90    127
91    125
92    163
93    167
94    172
95    167
96    145
97    180
98    186
99    157
100    177
101    184
102    184
103    187
104    188
105    191
106    191
107    148
108    142
109    140
110    133
111    122
112    117
113    101
114    107
115    88
116    92
117    62
118    63
119    62
120    41
121    46
122    38
123    37
124    23
125    26
126    18
127    15
128    22
129    8
130    7
131    9
132    10
133    2
134    5
135    2
136    13
