70    18
71    5
72    7
73    9
74    19
75    15
76    25
77    33
78    32
79    41
80    48
81    64
82    81
83    88
84    86
85    103
86    156
87    182
88    199
89    208
90    232
91    274
92    295
93    312
94    351
95    399
96    364
97    359
98    387
99    385
100    424
101    441
102    393
103    407
104    373
105    363
106    342
107    337
108    291
109    295
110    296
111    237
112    220
113    214
114    182
115    130
116    132
117    114
118    78
119    78
120    74
121    61
122    43
123    26
124    21
125    26
126    11
127    17
128    13
129    6
130    21
