64    17
65    4
66    8
67    6
68    9
69    4
70    6
71    19
72    15
73    18
74    16
75    28
76    27
77    34
78    52
79    58
80    51
81    58
82    96
83    93
84    97
85    107
86    136
87    144
88    151
89    166
90    165
91    236
92    202
93    206
94    249
95    218
96    256
97    244
98    246
99    281
100    220
101    274
102    265
103    257
104    262
105    249
106    228
107    246
108    209
109    213
110    203
111    202
112    187
113    142
114    123
115    123
116    124
117    104
118    81
119    71
120    77
121    60
122    49
123    36
124    26
125    52
126    30
127    27
128    19
129    15
130    15
131    10
132    5
133    3
134    7
135    6
136    6
