61    10
62    2
63    9
64    10
65    5
66    5
67    8
68    15
69    10
70    21
71    15
72    14
73    28
74    23
75    28
76    38
77    42
78    50
79    51
80    60
81    84
82    74
83    90
84    100
85    110
86    118
87    130
88    159
89    164
90    157
91    175
92    180
93    216
94    206
95    232
96    212
97    237
98    225
99    231
100    254
101    217
102    248
103    230
104    194
105    229
106    216
107    234
108    212
109    199
110    183
111    163
112    155
113    148
114    133
115    113
116    102
117    101
118    94
119    106
120    83
121    74
122    51
123    54
124    55
125    44
126    40
127    24
128    33
129    12
130    15
131    16
132    22
133    10
134    10
135    12
136    5
137    2
138    2
139    23
