58    5
59    2
60    3
61    0
62    1
63    2
64    1
65    4
66    6
67    5
68    6
69    7
70    12
71    17
72    12
73    10
74    17
75    23
76    20
77    23
78    25
79    28
80    35
81    39
82    44
83    37
84    58
85    43
86    51
87    63
88    77
89    88
90    76
91    94
92    77
93    88
94    89
95    87
96    96
97    84
98    108
99    109
100    95
101    89
102    100
103    107
104    95
105    95
106    86
107    94
108    88
109    79
110    69
111    71
112    70
113    53
114    79
115    59
116    44
117    50
118    53
119    43
120    34
121    43
122    29
123    28
124    27
125    17
126    12
127    15
128    6
129    13
130    11
131    9
132    3
133    10
134    8
135    6
136    1
137    5
138    1
139    1
140    0
141    1
142    4
