61    2
62    2
63    1
64    4
65    0
66    2
67    3
68    4
69    3
70    8
71    10
72    9
73    8
74    9
75    14
76    14
77    18
78    15
79    30
80    27
81    22
82    25
83    39
84    39
85    51
86    51
87    45
88    43
89    56
90    59
91    67
92    70
93    71
94    82
95    80
96    92
97    83
98    85
99    94
100    89
101    85
102    83
103    83
104    92
105    84
106    78
107    74
108    53
109    70
110    66
111    64
112    59
113    52
114    47
115    41
116    38
117    39
118    36
119    39
120    35
121    25
122    23
123    16
124    21
125    19
126    8
127    4
128    8
129    8
130    10
131    3
132    8
133    3
134    4
135    1
136    2
137    2
138    0
139    6
