70    19
71    4
72    4
73    16
74    12
75    16
76    19
77    17
78    23
79    37
80    53
81    69
82    57
83    94
84    93
85    132
86    131
87    141
88    192
89    194
90    211
91    236
92    277
93    310
94    344
95    322
96    337
97    351
98    408
99    368
100    377
101    424
102    372
103    418
104    371
105    343
106    325
107    346
108    282
109    263
110    273
111    225
112    195
113    169
114    161
115    138
116    122
117    111
118    91
119    70
120    75
121    45
122    41
123    27
124    34
125    18
126    10
127    10
128    7
129    8
130    16
