64    11
65    4
66    4
67    7
68    7
69    4
70    9
71    10
72    20
73    16
74    12
75    29
76    22
77    33
78    35
79    36
80    42
81    48
82    57
83    63
84    59
85    75
86    85
87    83
88    108
89    119
90    108
91    123
92    140
93    160
94    156
95    161
96    174
97    192
98    166
99    183
100    197
101    166
102    187
103    148
104    150
105    188
106    181
107    170
108    149
109    165
110    130
111    141
112    102
113    111
114    107
115    92
116    78
117    92
118    57
119    69
120    38
121    43
122    36
123    26
124    22
125    27
126    19
127    14
128    15
129    8
130    9
131    7
132    3
133    3
134    4
135    4
136    8
