61    14
62    2
63    6
64    5
65    8
66    8
67    18
68    22
69    10
70    22
71    23
72    20
73    29
74    39
75    63
76    51
77    63
78    83
79    80
80    101
81    111
82    135
83    131
84    140
85    156
86    205
87    196
88    177
89    199
90    207
91    250
92    278
93    279
94    302
95    279
96    277
97    296
98    316
99    330
100    360
101    334
102    334
103    319
104    316
105    299
106    295
107    247
108    273
109    266
110    258
111    234
112    209
113    184
114    187
115    185
116    154
117    134
118    155
119    132
120    102
121    105
122    86
123    84
124    60
125    52
126    45
127    40
128    31
129    26
130    25
131    25
132    24
133    15
134    11
135    6
136    7
137    2
138    2
139    24
