73    33
74    7
75    14
76    13
77    19
78    26
79    30
80    41
81    69
82    65
83    94
84    95
85    119
86    150
87    231
88    246
89    271
90    323
91    357
92    388
93    426
94    495
95    486
96    568
97    614
98    569
99    623
100    616
101    639
102    608
103    605
104    541
105    589
106    473
107    491
108    482
109    424
110    345
111    336
112    267
113    229
114    192
115    203
116    139
117    123
118    84
119    74
120    76
121    41
122    33
123    30
124    23
125    11
126    4
127    27
