64    10
65    6
66    2
67    3
68    6
69    6
70    9
71    18
72    21
73    12
74    28
75    31
76    50
77    40
78    51
79    68
80    60
81    75
82    79
83    100
84    98
85    124
86    139
87    158
88    174
89    193
90    179
91    214
92    207
93    226
94    247
95    257
96    254
97    278
98    242
99    283
100    304
101    273
102    272
103    297
104    258
105    266
106    291
107    255
108    241
109    198
110    207
111    238
112    198
113    180
114    171
115    142
116    126
117    141
118    84
119    94
120    97
121    63
122    57
123    43
124    41
125    35
126    35
127    20
128    17
129    18
130    14
131    11
132    10
133    5
134    8
135    7
136    25
