58    10
59    3
60    3
61    4
62    4
63    8
64    11
65    16
66    24
67    26
68    15
69    21
70    30
71    32
72    55
73    45
74    60
75    70
76    63
77    79
78    99
79    81
80    97
81    112
82    128
83    117
84    203
85    157
86    172
87    201
88    225
89    218
90    250
91    252
92    264
93    275
94    277
95    292
96    284
97    310
98    334
99    326
100    330
101    286
102    330
103    326
104    320
105    328
106    286
107    279
108    279
109    250
110    240
111    242
112    198
113    236
114    176
115    187
116    159
117    135
118    140
119    118
120    133
121    110
122    101
123    90
124    77
125    72
126    58
127    45
128    41
129    39
130    34
131    31
132    24
133    22
134    14
135    13
136    8
137    12
138    5
139    2
140    5
141    6
142    14
