70    9
71    6
72    3
73    10
74    12
75    12
76    16
77    23
78    21
79    37
80    35
81    47
82    47
83    77
84    86
85    98
86    115
87    106
88    130
89    159
90    184
91    166
92    194
93    209
94    223
95    257
96    293
97    320
98    331
99    277
100    265
101    305
102    293
103    298
104    303
105    286
106    254
107    238
108    224
109    229
110    180
111    186
112    155
113    111
114    117
115    94
116    93
117    60
118    71
119    51
120    35
121    28
122    20
123    23
124    20
125    18
126    11
127    6
128    11
129    8
130    14
