61    59
62    15
63    11
64    20
65    21
66    28
67    38
68    39
69    50
70    72
71    66
72    101
73    111
74    111
75    119
76    164
77    186
78    221
79    243
80    279
81    301
82    328
83    372
84    421
85    425
86    508
87    554
88    616
89    604
90    622
91    709
92    793
93    790
94    799
95    827
96    880
97    875
98    881
99    929
100    963
101    886
102    964
103    884
104    903
105    919
106    847
107    791
108    790
109    734
110    714
111    686
112    614
113    606
114    530
115    502
116    491
117    400
118    420
119    364
120    294
121    243
122    250
123    212
124    189
125    163
126    129
127    121
128    108
129    102
130    68
131    58
132    54
133    47
134    40
135    27
136    26
137    21
138    22
139    47
