67    34
68    14
69    8
70    15
71    12
72    27
73    32
74    32
75    37
76    52
77    66
78    74
79    108
80    119
81    128
82    155
83    171
84    214
85    240
86    268
87    293
88    326
89    366
90    403
91    425
92    482
93    485
94    518
95    537
96    555
97    586
98    602
99    647
100    592
101    628
102    658
103    644
104    614
105    597
106    542
107    525
108    485
109    452
110    414
111    392
112    415
113    319
114    286
115    262
116    258
117    193
118    164
119    146
120    140
121    119
122    89
123    89
124    72
125    39
126    39
127    36
128    29
129    26
130    22
131    19
132    16
133    29
