70    8
71    4
72    3
73    7
74    11
75    8
76    14
77    17
78    20
79    26
80    35
81    34
82    39
83    48
84    67
85    62
86    92
87    106
88    114
89    135
90    136
91    145
92    187
93    165
94    183
95    231
96    211
97    221
98    215
99    216
100    258
101    231
102    245
103    246
104    248
105    219
106    215
107    183
108    190
109    192
110    163
111    160
112    117
113    102
114    106
115    101
116    81
117    60
118    45
119    46
120    36
121    30
122    27
123    23
124    16
125    10
126    6
127    3
128    2
129    2
130    7
