58    44
59    11
60    10
61    17
62    18
63    17
64    23
65    36
66    29
67    46
68    38
69    66
70    57
71    69
72    97
73    121
74    113
75    118
76    156
77    180
78    186
79    191
80    210
81    229
82    280
83    297
84    306
85    366
86    386
87    457
88    466
89    540
90    504
91    585
92    533
93    592
94    577
95    627
96    639
97    630
98    631
99    642
100    633
101    675
102    628
103    690
104    636
105    636
106    594
107    595
108    566
109    541
110    554
111    491
112    465
113    416
114    398
115    380
116    346
117    340
118    319
119    291
120    264
121    227
122    224
123    185
124    178
125    153
126    162
127    101
128    104
129    99
130    76
131    48
132    46
133    50
134    25
135    41
136    23
137    18
138    18
139    10
140    18
141    13
142    43
