67    7
68    4
69    4
70    8
71    7
72    6
73    10
74    17
75    16
76    18
77    19
78    30
79    48
80    53
81    53
82    69
83    81
84    78
85    98
86    107
87    115
88    146
89    157
90    151
91    188
92    196
93    197
94    246
95    241
96    254
97    233
98    289
99    274
100    299
101    266
102    276
103    250
104    264
105    239
106    215
107    235
108    211
109    214
110    205
111    172
112    158
113    159
114    150
115    111
116    85
117    95
118    60
119    58
120    48
121    57
122    44
123    28
124    35
125    17
126    19
127    18
128    9
129    17
130    7
131    7
132    2
133    9
