70    19
71    9
72    10
73    11
74    19
75    27
76    26
77    45
78    45
79    58
80    87
81    85
82    110
83    119
84    140
85    159
86    226
87    242
88    300
89    281
90    318
91    377
92    428
93    429
94    474
95    515
96    573
97    526
98    597
99    561
100    607
101    592
102    547
103    546
104    599
105    489
106    510
107    466
108    434
109    406
110    362
111    363
112    332
113    236
114    222
115    219
116    182
117    146
118    132
119    113
120    74
121    73
122    73
123    44
124    33
125    31
126    21
127    18
128    8
129    14
130    31
