61    11
62    2
63    1
64    9
65    7
66    11
67    15
68    8
69    12
70    19
71    24
72    19
73    29
74    29
75    35
76    52
77    61
78    52
79    59
80    74
81    83
82    111
83    110
84    129
85    121
86    158
87    167
88    185
89    174
90    188
91    221
92    219
93    246
94    247
95    273
96    296
97    293
98    261
99    269
100    269
101    275
102    275
103    275
104    263
105    242
106    259
107    241
108    236
109    212
110    191
111    189
112    192
113    177
114    178
115    178
116    138
117    133
118    109
119    106
120    90
121    84
122    62
123    66
124    67
125    40
126    33
127    36
128    28
129    28
130    26
131    14
132    12
133    9
134    10
135    13
136    4
137    9
138    5
139    12
