58    48
59    13
60    6
61    20
62    22
63    22
64    23
65    34
66    46
67    62
68    55
69    72
70    90
71    116
72    129
73    153
74    181
75    220
76    187
77    231
78    267
79    300
80    333
81    346
82    432
83    458
84    472
85    551
86    623
87    620
88    657
89    723
90    704
91    827
92    819
93    871
94    902
95    932
96    933
97    983
98    943
99    963
100    967
101    992
102    1073
103    970
104    968
105    885
106    919
107    874
108    880
109    817
110    796
111    740
112    682
113    665
114    638
115    531
116    582
117    494
118    448
119    423
120    360
121    324
122    315
123    288
124    258
125    233
126    177
127    148
128    136
129    128
130    97
131    101
132    64
133    86
134    60
135    48
136    45
137    26
138    21
139    17
140    13
141    19
142    66
