58    68
59    14
60    9
61    25
62    28
63    31
64    30
65    40
66    51
67    66
68    83
69    91
70    116
71    106
72    161
73    165
74    180
75    182
76    222
77    268
78    314
79    384
80    394
81    419
82    472
83    507
84    528
85    685
86    610
87    701
88    736
89    805
90    891
91    869
92    931
93    972
94    1041
95    1005
96    1042
97    1070
98    1117
99    1114
100    1075
101    1151
102    1115
103    1126
104    1085
105    990
106    1054
107    976
108    950
109    942
110    843
111    860
112    801
113    705
114    658
115    643
116    589
117    600
118    501
119    458
120    424
121    372
122    354
123    313
124    251
125    257
126    223
127    190
128    138
129    159
130    123
131    114
132    91
133    71
134    55
135    63
136    49
137    27
138    32
139    29
140    17
141    21
142    70
