64    10
65    3
66    2
67    4
68    4
69    6
70    11
71    8
72    13
73    16
74    18
75    27
76    25
77    25
78    48
79    59
80    53
81    57
82    58
83    78
84    86
85    98
86    87
87    117
88    129
89    132
90    155
91    177
92    172
93    186
94    182
95    216
96    220
97    204
98    206
99    230
100    210
101    217
102    205
103    223
104    214
105    196
106    199
107    178
108    182
109    178
110    131
111    124
112    153
113    128
114    115
115    116
116    120
117    81
118    90
119    70
120    62
121    58
122    51
123    34
124    26
125    24
126    17
127    24
128    14
129    18
130    10
131    7
132    5
133    5
134    3
135    3
136    11
