70    0
71    2
72    1
73    0
74    7
75    3
76    3
77    1
78    6
79    9
80    9
81    11
82    16
83    14
84    26
85    15
86    26
87    33
88    27
89    42
90    45
91    45
92    56
93    67
94    62
95    57
96    66
97    62
98    64
99    68
100    68
101    72
102    63
103    68
104    65
105    66
106    55
107    63
108    66
109    58
110    49
111    38
112    33
113    36
114    29
115    25
116    22
117    22
118    16
119    17
120    12
121    8
122    8
123    8
124    6
125    1
126    6
127    0
128    2
129    1
130    3
