64    19
65    6
66    10
67    8
68    17
69    21
70    16
71    21
72    26
73    28
74    36
75    38
76    53
77    63
78    83
79    85
80    96
81    129
82    132
83    172
84    154
85    188
86    202
87    232
88    278
89    266
90    302
91    328
92    337
93    371
94    411
95    380
96    419
97    425
98    425
99    432
100    429
101    449
102    417
103    412
104    395
105    412
106    406
107    361
108    392
109    310
110    350
111    342
112    244
113    252
114    245
115    238
116    183
117    164
118    152
119    132
120    101
121    91
122    100
123    72
124    74
125    49
126    57
127    40
128    31
129    29
130    23
131    16
132    16
133    10
134    11
135    7
136    28
