67    5
68    0
69    4
70    3
71    5
72    6
73    7
74    5
75    7
76    24
77    9
78    15
79    27
80    32
81    29
82    23
83    53
84    47
85    57
86    64
87    80
88    84
89    83
90    91
91    114
92    117
93    131
94    158
95    139
96    143
97    133
98    124
99    159
100    142
101    163
102    158
103    152
104    153
105    137
106    128
107    122
108    118
109    135
110    121
111    91
112    68
113    75
114    58
115    40
116    62
117    57
118    39
119    26
120    39
121    28
122    21
123    25
124    11
125    18
126    9
127    9
128    6
129    3
130    8
131    4
132    9
133    10
