76    45
77    17
78    26
79    41
80    66
81    67
82    97
83    141
84    172
85    212
86    274
87    338
88    422
89    502
90    632
91    683
92    822
93    870
94    1004
95    1102
96    1164
97    1225
98    1315
99    1339
100    1409
101    1421
102    1393
103    1309
104    1282
105    1227
106    1138
107    992
108    948
109    782
110    680
111    627
112    495
113    432
114    311
115    278
116    209
117    175
118    107
119    99
120    75
121    64
122    45
123    22
124    56
