64    46
65    12
66    22
67    32
68    25
69    40
70    58
71    61
72    64
73    85
74    95
75    129
76    130
77    194
78    226
79    228
80    265
81    333
82    386
83    379
84    434
85    427
86    583
87    646
88    666
89    750
90    811
91    826
92    899
93    922
94    961
95    969
96    1095
97    1134
98    1162
99    1170
100    1173
101    1165
102    1134
103    1114
104    1117
105    1084
106    1073
107    1008
108    964
109    885
110    810
111    764
112    757
113    697
114    591
115    528
116    481
117    451
118    374
119    351
120    312
121    262
122    248
123    224
124    153
125    135
126    119
127    116
128    89
129    65
130    46
131    37
132    43
133    29
134    18
135    16
136    65
