64    28
65    8
66    12
67    10
68    19
69    21
70    23
71    29
72    40
73    53
74    53
75    67
76    71
77    82
78    124
79    125
80    140
81    170
82    201
83    212
84    254
85    297
86    318
87    293
88    363
89    386
90    425
91    470
92    474
93    553
94    541
95    548
96    564
97    636
98    618
99    671
100    610
101    633
102    583
103    583
104    608
105    569
106    585
107    558
108    532
109    455
110    437
111    397
112    362
113    343
114    321
115    315
116    262
117    250
118    189
119    190
120    173
121    163
122    126
123    104
124    94
125    73
126    62
127    46
128    41
129    49
130    33
131    21
132    12
133    18
134    22
135    15
136    35
