67    20
68    5
69    9
70    9
71    12
72    11
73    20
74    32
75    40
76    34
77    37
78    52
79    89
80    78
81    101
82    121
83    135
84    133
85    165
86    201
87    188
88    252
89    241
90    294
91    295
92    350
93    398
94    387
95    376
96    404
97    431
98    441
99    412
100    492
101    466
102    485
103    417
104    460
105    439
106    401
107    396
108    382
109    300
110    314
111    307
112    257
113    229
114    211
115    199
116    169
117    144
118    140
119    111
120    113
121    96
122    71
123    73
124    46
125    22
126    32
127    21
128    23
129    15
130    18
131    9
132    10
133    28
