73    17
74    11
75    9
76    10
77    20
78    23
79    34
80    40
81    46
82    73
83    83
84    101
85    124
86    166
87    169
88    222
89    234
90    275
91    327
92    351
93    439
94    458
95    466
96    465
97    562
98    485
99    575
100    585
101    547
102    574
103    502
104    511
105    532
106    464
107    410
108    406
109    346
110    333
111    301
112    257
113    217
114    155
115    141
116    126
117    108
118    84
119    75
120    62
121    40
122    31
123    23
124    18
125    9
126    2
127    25
