58    22
59    3
60    6
61    9
62    9
63    10
64    2
65    16
66    11
67    22
68    24
69    20
70    19
71    27
72    32
73    35
74    46
75    66
76    57
77    74
78    78
79    96
80    121
81    132
82    133
83    125
84    149
85    157
86    181
87    196
88    210
89    207
90    235
91    263
92    256
93    268
94    281
95    279
96    273
97    271
98    284
99    271
100    291
101    323
102    310
103    299
104    284
105    295
106    294
107    262
108    282
109    284
110    257
111    211
112    219
113    206
114    179
115    179
116    167
117    132
118    128
119    128
120    105
121    98
122    85
123    81
124    73
125    60
126    63
127    52
128    50
129    20
130    34
131    21
132    27
133    29
134    15
135    20
136    8
137    14
138    10
139    6
140    7
141    6
142    9
