61    3
62    0
63    1
64    4
65    2
66    5
67    1
68    5
69    8
70    8
71    9
72    12
73    13
74    12
75    22
76    23
77    25
78    25
79    29
80    30
81    28
82    47
83    43
84    56
85    49
86    55
87    58
88    64
89    89
90    80
91    88
92    82
93    83
94    107
95    102
96    98
97    83
98    102
99    111
100    122
101    102
102    105
103    87
104    105
105    102
106    106
107    95
108    76
109    91
110    81
111    72
112    67
113    58
114    68
115    61
116    51
117    49
118    46
119    48
120    25
121    31
122    40
123    20
124    19
125    12
126    9
127    7
128    10
129    12
130    8
131    7
132    5
133    2
134    2
135    2
136    2
137    3
138    1
139    4
