73    22
74    11
75    12
76    15
77    12
78    30
79    31
80    59
81    53
82    79
83    87
84    98
85    133
86    142
87    174
88    220
89    272
90    311
91    338
92    362
93    440
94    452
95    452
96    505
97    527
98    530
99    581
100    560
101    606
102    565
103    547
104    574
105    529
106    484
107    439
108    393
109    369
110    313
111    278
112    253
113    223
114    205
115    156
116    126
117    105
118    71
119    58
120    49
121    43
122    39
123    30
124    21
125    14
126    10
127    28
