67    7
68    2
69    1
70    7
71    5
72    5
73    11
74    10
75    9
76    8
77    10
78    24
79    24
80    27
81    27
82    34
83    55
84    61
85    72
86    49
87    59
88    84
89    88
90    101
91    121
92    107
93    111
94    143
95    159
96    139
97    169
98    168
99    165
100    142
101    171
102    166
103    156
104    164
105    142
106    152
107    136
108    141
109    132
110    94
111    109
112    97
113    81
114    79
115    62
116    64
117    57
118    45
119    37
120    33
121    26
122    25
123    23
124    15
125    14
126    13
127    12
128    2
129    5
130    4
131    4
132    1
133    9
