73    10
74    4
75    10
76    10
77    19
78    24
79    23
80    34
81    38
82    52
83    68
84    93
85    109
86    134
87    161
88    194
89    208
90    224
91    275
92    278
93    290
94    396
95    385
96    381
97    441
98    436
99    441
100    482
101    491
102    456
103    451
104    451
105    415
106    400
107    362
108    337
109    311
110    264
111    230
112    215
113    161
114    147
115    127
116    115
117    107
118    64
119    49
120    47
121    39
122    27
123    18
124    23
125    14
126    13
127    24
