64    10
65    5
66    0
67    5
68    5
69    6
70    10
71    16
72    19
73    11
74    23
75    32
76    35
77    32
78    47
79    50
80    79
81    68
82    77
83    87
84    105
85    108
86    104
87    116
88    150
89    179
90    168
91    185
92    222
93    204
94    188
95    241
96    227
97    257
98    251
99    246
100    246
101    231
102    245
103    253
104    259
105    240
106    219
107    207
108    196
109    189
110    173
111    180
112    162
113    149
114    119
115    112
116    90
117    96
118    94
119    83
120    64
121    77
122    52
123    41
124    36
125    26
126    19
127    30
128    18
129    19
130    13
131    9
132    9
133    9
134    6
135    7
136    9
