64    13
65    3
66    5
67    16
68    10
69    13
70    15
71    20
72    24
73    40
74    45
75    54
76    42
77    52
78    64
79    91
80    90
81    116
82    105
83    138
84    166
85    168
86    190
87    187
88    234
89    235
90    288
91    309
92    295
93    295
94    325
95    384
96    375
97    357
98    406
99    394
100    402
101    397
102    391
103    420
104    369
105    359
106    338
107    364
108    321
109    289
110    307
111    270
112    259
113    235
114    190
115    186
116    170
117    156
118    140
119    121
120    122
121    88
122    78
123    67
124    59
125    46
126    29
127    34
128    30
129    26
130    20
131    16
132    20
133    6
134    10
135    4
136    21
