70    7
71    3
72    3
73    1
74    3
75    5
76    7
77    8
78    16
79    13
80    16
81    28
82    31
83    37
84    36
85    40
86    42
87    63
88    82
89    95
90    115
91    104
92    110
93    124
94    110
95    149
96    134
97    162
98    163
99    159
100    152
101    136
102    150
103    164
104    143
105    131
106    115
107    122
108    118
109    95
110    99
111    85
112    82
113    80
114    49
115    52
116    52
117    47
118    23
119    23
120    26
121    32
122    16
123    10
124    7
125    3
126    8
127    8
128    3
129    4
130    8
