67    18
68    8
69    10
70    13
71    15
72    18
73    21
74    31
75    43
76    41
77    48
78    75
79    79
80    89
81    106
82    116
83    153
84    175
85    191
86    252
87    242
88    272
89    308
90    346
91    394
92    435
93    451
94    470
95    453
96    468
97    533
98    549
99    533
100    541
101    555
102    527
103    521
104    496
105    527
106    478
107    415
108    451
109    362
110    359
111    364
112    306
113    296
114    249
115    247
116    192
117    169
118    147
119    124
120    121
121    92
122    77
123    69
124    60
125    43
126    40
127    27
128    26
129    25
130    18
131    5
132    9
133    25
