67    7
68    1
69    2
70    3
71    3
72    3
73    4
74    12
75    5
76    6
77    10
78    15
79    16
80    17
81    19
82    26
83    31
84    31
85    37
86    48
87    54
88    70
89    58
90    67
91    66
92    71
93    90
94    96
95    117
96    102
97    81
98    111
99    116
100    112
101    98
102    106
103    102
104    100
105    92
106    97
107    100
108    78
109    85
110    72
111    59
112    58
113    54
114    69
115    38
116    36
117    39
118    39
119    30
120    19
121    18
122    18
123    10
124    10
125    12
126    7
127    5
128    4
129    5
130    4
131    2
132    2
133    8
