70    19
71    7
72    15
73    6
74    14
75    7
76    24
77    36
78    48
79    44
80    53
81    78
82    101
83    122
84    122
85    152
86    167
87    180
88    207
89    241
90    268
91    285
92    336
93    347
94    378
95    417
96    440
97    465
98    469
99    443
100    450
101    493
102    501
103    481
104    452
105    433
106    389
107    414
108    369
109    351
110    317
111    295
112    227
113    266
114    202
115    169
116    144
117    117
118    102
119    85
120    64
121    50
122    51
123    29
124    40
125    27
126    25
127    6
128    11
129    7
130    31
