58    24
59    5
60    10
61    9
62    14
63    9
64    23
65    19
66    24
67    35
68    47
69    41
70    43
71    68
72    69
73    88
74    94
75    99
76    110
77    127
78    127
79    155
80    154
81    251
82    208
83    236
84    283
85    304
86    347
87    360
88    361
89    372
90    409
91    402
92    436
93    479
94    491
95    491
96    512
97    494
98    517
99    515
100    535
101    527
102    563
103    516
104    534
105    500
106    524
107    457
108    425
109    450
110    416
111    412
112    411
113    352
114    333
115    294
116    289
117    292
118    245
119    210
120    177
121    199
122    159
123    135
124    130
125    110
126    107
127    86
128    84
129    62
130    55
131    53
132    43
133    40
134    30
135    24
136    24
137    17
138    19
139    14
140    14
141    5
142    34
