70    11
71    7
72    4
73    3
74    12
75    8
76    10
77    27
78    19
79    41
80    24
81    45
82    51
83    61
84    69
85    84
86    105
87    116
88    131
89    148
90    203
91    206
92    234
93    216
94    246
95    260
96    284
97    266
98    317
99    328
100    266
101    274
102    303
103    286
104    288
105    291
106    231
107    247
108    236
109    219
110    193
111    162
112    150
113    131
114    122
115    122
116    84
117    78
118    79
119    57
120    40
121    46
122    24
123    21
124    16
125    11
126    6
127    8
128    6
129    6
130    16
