58    6
59    1
60    4
61    2
62    6
63    2
64    7
65    6
66    8
67    9
68    6
69    9
70    11
71    18
72    22
73    18
74    24
75    21
76    22
77    39
78    38
79    39
80    57
81    45
82    58
83    50
84    68
85    69
86    85
87    83
88    89
89    88
90    85
91    89
92    100
93    119
94    110
95    107
96    133
97    115
98    119
99    143
100    123
101    131
102    133
103    109
104    127
105    114
106    124
107    119
108    113
109    115
110    102
111    100
112    76
113    87
114    84
115    63
116    72
117    50
118    63
119    48
120    46
121    42
122    41
123    25
124    30
125    31
126    29
127    23
128    21
129    10
130    9
131    21
132    7
133    10
134    8
135    6
136    1
137    4
138    5
139    6
140    1
141    6
142    10
