64    12
65    4
66    6
67    6
68    11
69    16
70    8
71    14
72    26
73    27
74    29
75    32
76    30
77    44
78    42
79    63
80    76
81    89
82    108
83    113
84    108
85    158
86    127
87    170
88    202
89    169
90    219
91    215
92    257
93    263
94    272
95    292
96    301
97    290
98    305
99    302
100    285
101    302
102    316
103    326
104    313
105    291
106    282
107    272
108    250
109    220
110    216
111    220
112    225
113    192
114    174
115    139
116    133
117    107
118    111
119    92
120    76
121    66
122    69
123    57
124    52
125    36
126    38
127    21
128    15
129    14
130    19
131    11
132    14
133    5
134    4
135    8
136    11
