58    20
59    5
60    3
61    4
62    8
63    8
64    9
65    8
66    12
67    20
68    15
69    21
70    14
71    34
72    36
73    36
74    42
75    59
76    55
77    51
78    72
79    80
80    87
81    92
82    106
83    116
84    134
85    133
86    164
87    167
88    181
89    206
90    203
91    211
92    225
93    235
94    234
95    228
96    267
97    234
98    243
99    261
100    256
101    280
102    247
103    301
104    254
105    260
106    206
107    230
108    243
109    226
110    219
111    203
112    208
113    183
114    181
115    158
116    133
117    137
118    112
119    107
120    90
121    81
122    63
123    67
124    70
125    53
126    50
127    57
128    35
129    40
130    32
131    19
132    26
133    22
134    12
135    17
136    9
137    7
138    6
139    8
140    6
141    2
142    19
