67    46
68    23
69    19
70    16
71    48
72    44
73    54
74    82
75    98
76    128
77    132
78    162
79    208
80    226
81    265
82    314
83    387
84    433
85    502
86    563
87    633
88    731
89    795
90    844
91    918
92    1040
93    1090
94    1207
95    1229
96    1189
97    1404
98    1323
99    1339
100    1377
101    1345
102    1386
103    1243
104    1288
105    1230
106    1125
107    1078
108    1116
109    1040
110    981
111    826
112    803
113    704
114    632
115    581
116    527
117    444
118    364
119    345
120    259
121    259
122    210
123    170
124    132
125    103
126    101
127    87
128    59
129    48
130    52
131    41
132    21
133    67
