73    53
74    19
75    37
76    57
77    65
78    104
79    118
80    132
81    197
82    193
83    289
84    360
85    434
86    506
87    579
88    719
89    868
90    983
91    1044
92    1098
93    1277
94    1470
95    1543
96    1720
97    1729
98    1751
99    1834
100    1894
101    1879
102    1842
103    1818
104    1791
105    1688
106    1557
107    1440
108    1226
109    1189
110    1107
111    914
112    748
113    715
114    625
115    494
116    453
117    388
118    313
119    237
120    180
121    146
122    114
123    84
124    50
125    47
126    28
127    82
