70    39
71    24
72    26
73    31
74    25
75    42
76    50
77    65
78    86
79    94
80    145
81    148
82    194
83    248
84    293
85    327
86    392
87    453
88    528
89    550
90    672
91    709
92    818
93    800
94    894
95    981
96    1084
97    1076
98    1075
99    1113
100    1188
101    1110
102    1185
103    1067
104    1032
105    953
106    905
107    905
108    805
109    746
110    771
111    660
112    602
113    563
114    456
115    405
116    291
117    256
118    208
119    212
120    183
121    160
122    118
123    102
124    75
125    47
126    37
127    36
128    25
129    16
130    51
