67    7
68    5
69    0
70    3
71    2
72    2
73    5
74    8
75    6
76    11
77    13
78    20
79    19
80    29
81    28
82    34
83    38
84    44
85    46
86    47
87    65
88    70
89    91
90    91
91    83
92    83
93    118
94    121
95    126
96    112
97    126
98    128
99    128
100    130
101    138
102    144
103    124
104    114
105    140
106    126
107    109
108    107
109    107
110    86
111    82
112    76
113    68
114    61
115    35
116    46
117    52
118    38
119    39
120    25
121    19
122    22
123    18
124    15
125    17
126    9
127    7
128    5
129    6
130    0
131    4
132    1
133    5
