64    10
65    4
66    6
67    5
68    5
69    7
70    8
71    11
72    10
73    13
74    14
75    22
76    17
77    23
78    37
79    47
80    45
81    58
82    56
83    69
84    88
85    87
86    103
87    110
88    121
89    128
90    132
91    148
92    136
93    163
94    189
95    166
96    187
97    206
98    228
99    194
100    193
101    204
102    181
103    199
104    226
105    177
106    168
107    199
108    182
109    143
110    141
111    152
112    128
113    117
114    123
115    95
116    89
117    85
118    70
119    72
120    52
121    58
122    37
123    28
124    27
125    30
126    16
127    16
128    9
129    12
130    11
131    10
132    6
133    4
134    2
135    4
136    11
