67    17
68    11
69    6
70    12
71    20
72    17
73    29
74    33
75    34
76    32
77    51
78    61
79    89
80    97
81    104
82    140
83    152
84    183
85    200
86    216
87    266
88    293
89    320
90    328
91    385
92    405
93    448
94    433
95    428
96    466
97    512
98    534
99    514
100    527
101    541
102    517
103    538
104    528
105    448
106    486
107    451
108    398
109    388
110    369
111    359
112    322
113    287
114    229
115    241
116    178
117    181
118    162
119    125
120    105
121    93
122    87
123    65
124    54
125    51
126    34
127    32
128    21
129    21
130    19
131    10
132    7
133    29
