64    3
65    3
66    2
67    4
68    2
69    3
70    3
71    3
72    8
73    8
74    13
75    11
76    16
77    20
78    10
79    27
80    22
81    26
82    34
83    44
84    44
85    48
86    57
87    60
88    86
89    91
90    103
91    89
92    93
93    100
94    104
95    104
96    107
97    112
98    114
99    136
100    110
101    129
102    137
103    126
104    116
105    133
106    101
107    124
108    90
109    99
110    84
111    84
112    101
113    69
114    70
115    68
116    61
117    47
118    40
119    33
120    41
121    33
122    23
123    16
124    31
125    10
126    16
127    12
128    7
129    12
130    5
131    3
132    2
133    3
134    2
135    0
136    7
