58    19
59    1
60    5
61    7
62    5
63    7
64    7
65    10
66    13
67    16
68    16
69    23
70    27
71    28
72    33
73    37
74    44
75    36
76    56
77    64
78    72
79    78
80    84
81    71
82    97
83    120
84    121
85    124
86    134
87    148
88    159
89    152
90    176
91    177
92    209
93    211
94    202
95    249
96    240
97    243
98    268
99    220
100    267
101    248
102    252
103    264
104    236
105    240
106    253
107    199
108    195
109    223
110    190
111    214
112    185
113    163
114    161
115    152
116    122
117    125
118    119
119    104
120    94
121    85
122    79
123    62
124    65
125    58
126    42
127    31
128    34
129    29
130    36
131    27
132    24
133    20
134    18
135    12
136    15
137    7
138    5
139    4
140    5
141    5
142    12
