58    12
59    1
60    4
61    2
62    4
63    2
64    5
65    9
66    5
67    10
68    11
69    9
70    16
71    23
72    21
73    28
74    28
75    30
76    39
77    28
78    45
79    43
80    50
81    57
82    64
83    57
84    72
85    85
86    98
87    125
88    111
89    128
90    120
91    136
92    131
93    165
94    135
95    149
96    157
97    172
98    174
99    186
100    173
101    182
102    194
103    175
104    161
105    150
106    180
107    149
108    157
109    135
110    144
111    125
112    128
113    123
114    107
115    92
116    97
117    70
118    84
119    69
120    65
121    57
122    67
123    45
124    47
125    46
126    29
127    30
128    19
129    17
130    16
131    11
132    11
133    12
134    7
135    7
136    8
137    9
138    4
139    6
140    1
141    5
142    6
