70    18
71    11
72    9
73    16
74    22
75    24
76    23
77    37
78    62
79    68
80    79
81    98
82    126
83    145
84    161
85    191
86    250
87    244
88    321
89    335
90    399
91    429
92    456
93    521
94    506
95    545
96    570
97    629
98    611
99    632
100    673
101    652
102    672
103    622
104    642
105    577
106    572
107    532
108    496
109    445
110    425
111    387
112    351
113    340
114    310
115    247
116    197
117    174
118    141
119    116
120    106
121    83
122    55
123    51
124    36
125    30
126    28
127    32
128    14
129    11
130    27
