73    2
74    2
75    2
76    2
77    2
78    5
79    6
80    9
81    10
82    16
83    16
84    19
85    30
86    34
87    28
88    41
89    50
90    61
91    73
92    74
93    91
94    98
95    101
96    109
97    93
98    111
99    119
100    122
101    113
102    134
103    104
104    99
105    115
106    92
107    90
108    71
109    71
110    69
111    59
112    64
113    39
114    38
115    35
116    25
117    24
118    19
119    12
120    6
121    12
122    5
123    6
124    3
125    4
126    8
127    6
