61    2
62    0
63    0
64    0
65    1
66    1
67    1
68    2
69    2
70    3
71    3
72    1
73    2
74    5
75    2
76    12
77    4
78    7
79    14
80    15
81    11
82    17
83    12
84    16
85    19
86    26
87    24
88    32
89    32
90    33
91    36
92    33
93    27
94    37
95    44
96    37
97    33
98    49
99    30
100    41
101    23
102    46
103    39
104    30
105    37
106    33
107    43
108    43
109    28
110    28
111    34
112    35
113    28
114    22
115    19
116    11
117    16
118    8
119    9
120    12
121    8
122    15
123    14
124    7
125    8
126    10
127    8
128    4
129    7
130    1
131    1
132    1
133    2
134    2
135    2
136    1
137    1
138    0
139    1
