58    12
59    3
60    5
61    4
62    4
63    1
64    8
65    7
66    9
67    14
68    13
69    12
70    22
71    15
72    28
73    22
74    19
75    30
76    36
77    35
78    43
79    56
80    56
81    62
82    77
83    78
84    99
85    87
86    100
87    102
88    115
89    124
90    135
91    136
92    137
93    154
94    187
95    165
96    156
97    165
98    165
99    173
100    168
101    181
102    192
103    168
104    176
105    171
106    179
107    141
108    138
109    165
110    132
111    118
112    129
113    126
114    112
115    101
116    84
117    83
118    67
119    89
120    69
121    52
122    63
123    65
124    45
125    26
126    27
127    35
128    24
129    23
130    15
131    15
132    17
133    10
134    7
135    6
136    7
137    4
138    6
139    7
140    3
141    3
142    10
