70    8
71    5
72    5
73    3
74    4
75    10
76    14
77    21
78    19
79    27
80    26
81    39
82    52
83    54
84    48
85    71
86    96
87    100
88    121
89    135
90    170
91    154
92    191
93    201
94    236
95    209
96    263
97    238
98    245
99    233
100    262
101    273
102    283
103    272
104    229
105    266
106    223
107    208
108    234
109    183
110    166
111    163
112    117
113    115
114    102
115    87
116    80
117    75
118    65
119    45
120    26
121    29
122    28
123    20
124    21
125    13
126    11
127    6
128    5
129    9
130    10
