67    25
68    11
69    11
70    9
71    17
72    31
73    30
74    45
75    42
76    54
77    59
78    79
79    86
80    101
81    128
82    159
83    201
84    198
85    247
86    273
87    315
88    338
89    402
90    439
91    468
92    524
93    463
94    576
95    609
96    646
97    583
98    649
99    683
100    690
101    673
102    642
103    644
104    623
105    610
106    576
107    588
108    511
109    507
110    463
111    419
112    388
113    337
114    304
115    289
116    226
117    236
118    206
119    195
120    134
121    129
122    88
123    110
124    71
125    69
126    54
127    25
128    25
129    17
130    8
131    18
132    12
133    36
