58    10
59    4
60    5
61    2
62    5
63    3
64    10
65    8
66    8
67    14
68    17
69    19
70    16
71    28
72    25
73    36
74    36
75    33
76    45
77    51
78    53
79    71
80    75
81    87
82    110
83    96
84    114
85    122
86    144
87    117
88    145
89    134
90    184
91    176
92    185
93    194
94    173
95    205
96    193
97    213
98    191
99    209
100    207
101    219
102    221
103    237
104    225
105    206
106    222
107    184
108    173
109    176
110    176
111    185
112    171
113    148
114    134
115    130
116    117
117    105
118    98
119    85
120    83
121    66
122    73
123    59
124    68
125    43
126    39
127    36
128    31
129    23
130    28
131    16
132    20
133    17
134    9
135    10
136    9
137    7
138    8
139    5
140    5
141    3
142    19
