61    3
62    1
63    3
64    4
65    1
66    2
67    3
68    3
69    3
70    4
71    6
72    7
73    14
74    12
75    11
76    16
77    11
78    18
79    28
80    27
81    23
82    30
83    32
84    38
85    39
86    39
87    52
88    55
89    54
90    47
91    61
92    67
93    69
94    69
95    60
96    86
97    80
98    78
99    80
100    87
101    86
102    85
103    88
104    68
105    68
106    75
107    61
108    73
109    84
110    52
111    63
112    53
113    37
114    54
115    45
116    43
117    41
118    34
119    36
120    21
121    28
122    13
123    25
124    18
125    13
126    9
127    12
128    7
129    3
130    5
131    6
132    8
133    3
134    3
135    1
136    1
137    0
138    0
139    4
