73    44
74    27
75    33
76    43
77    43
78    63
79    85
80    103
81    142
82    180
83    204
84    262
85    375
86    410
87    477
88    575
89    635
90    705
91    811
92    926
93    1027
94    1115
95    1173
96    1335
97    1369
98    1360
99    1390
100    1437
101    1522
102    1458
103    1350
104    1290
105    1304
106    1237
107    1147
108    1014
109    959
110    792
111    707
112    710
113    565
114    468
115    401
116    325
117    280
118    211
119    182
120    149
121    110
122    75
123    59
124    46
125    28
126    29
127    77
