58    4
59    1
60    0
61    3
62    3
63    2
64    1
65    5
66    9
67    7
68    9
69    11
70    11
71    8
72    16
73    15
74    20
75    26
76    20
77    23
78    29
79    37
80    37
81    49
82    44
83    49
84    40
85    46
86    59
87    50
88    68
89    67
90    85
91    76
92    101
93    100
94    99
95    105
96    81
97    97
98    103
99    99
100    100
101    127
102    109
103    105
104    104
105    97
106    85
107    88
108    100
109    94
110    100
111    75
112    65
113    74
114    67
115    48
116    56
117    62
118    46
119    38
120    45
121    32
122    32
123    23
124    30
125    22
126    24
127    20
128    8
129    13
130    12
131    6
132    7
133    10
134    9
135    5
136    7
137    4
138    5
139    4
140    1
141    1
142    9
