73    14
74    6
75    10
76    9
77    11
78    14
79    22
80    31
81    31
82    37
83    47
84    69
85    69
86    97
87    102
88    110
89    165
90    161
91    192
92    235
93    260
94    243
95    266
96    288
97    303
98    311
99    337
100    319
101    340
102    329
103    358
104    327
105    311
106    288
107    223
108    245
109    215
110    202
111    181
112    148
113    146
114    110
115    96
116    87
117    67
118    64
119    45
120    34
121    17
122    13
123    17
124    14
125    8
126    4
127    14
