70    56
71    15
72    26
73    37
74    53
75    68
76    71
77    77
78    100
79    127
80    184
81    187
82    248
83    281
84    364
85    408
86    464
87    531
88    643
89    710
90    777
91    924
92    944
93    1022
94    1131
95    1189
96    1215
97    1333
98    1374
99    1332
100    1390
101    1339
102    1407
103    1417
104    1278
105    1226
106    1210
107    1129
108    1059
109    973
110    914
111    824
112    712
113    615
114    559
115    493
116    421
117    376
118    285
119    253
120    200
121    189
122    135
123    111
124    81
125    67
126    52
127    43
128    31
129    27
130    56
