73    13
74    10
75    14
76    15
77    36
78    22
79    35
80    59
81    63
82    80
83    86
84    105
85    149
86    178
87    208
88    258
89    286
90    325
91    389
92    460
93    459
94    498
95    592
96    585
97    585
98    622
99    672
100    625
101    632
102    623
103    616
104    615
105    595
106    527
107    483
108    491
109    415
110    375
111    321
112    298
113    235
114    229
115    157
116    146
117    128
118    113
119    84
120    51
121    42
122    35
123    22
124    29
125    20
126    9
127    19
