64    17
65    7
66    3
67    3
68    9
69    13
70    18
71    15
72    20
73    26
74    31
75    37
76    46
77    54
78    51
79    90
80    96
81    88
82    118
83    107
84    136
85    163
86    178
87    181
88    215
89    249
90    229
91    227
92    268
93    288
94    305
95    306
96    328
97    346
98    367
99    377
100    384
101    333
102    348
103    318
104    342
105    323
106    298
107    304
108    291
109    261
110    263
111    226
112    246
113    179
114    197
115    175
116    150
117    156
118    123
119    106
120    95
121    74
122    72
123    59
124    54
125    40
126    23
127    26
128    20
129    16
130    20
131    13
132    13
133    6
134    7
135    7
136    19
