70    7
71    2
72    2
73    0
74    1
75    3
76    5
77    7
78    5
79    9
80    7
81    12
82    16
83    27
84    30
85    23
86    34
87    41
88    45
89    50
90    67
91    72
92    72
93    87
94    83
95    73
96    77
97    75
98    97
99    87
100    103
101    97
102    97
103    88
104    89
105    70
106    75
107    68
108    66
109    72
110    49
111    48
112    49
113    37
114    37
115    30
116    36
117    23
118    19
119    12
120    12
121    12
122    8
123    6
124    7
125    9
126    7
127    3
128    0
129    2
130    5
