67    12
68    4
69    6
70    6
71    10
72    18
73    24
74    26
75    33
76    43
77    36
78    53
79    74
80    78
81    100
82    102
83    142
84    139
85    175
86    179
87    210
88    260
89    313
90    289
91    347
92    359
93    404
94    418
95    454
96    469
97    527
98    472
99    442
100    481
101    454
102    470
103    463
104    460
105    412
106    454
107    410
108    414
109    338
110    361
111    285
112    273
113    232
114    244
115    194
116    146
117    152
118    152
119    117
120    85
121    79
122    65
123    54
124    48
125    31
126    38
127    25
128    26
129    10
130    10
131    11
132    5
133    26
