67    7
68    1
69    4
70    2
71    4
72    5
73    3
74    8
75    7
76    10
77    19
78    21
79    24
80    29
81    36
82    40
83    60
84    66
85    59
86    73
87    85
88    98
89    83
90    95
91    113
92    141
93    132
94    132
95    156
96    148
97    136
98    176
99    162
100    153
101    187
102    153
103    149
104    164
105    162
106    147
107    166
108    128
109    121
110    115
111    108
112    90
113    84
114    79
115    82
116    56
117    59
118    39
119    49
120    36
121    27
122    22
123    13
124    16
125    10
126    6
127    6
128    10
129    6
130    6
131    3
132    3
133    7
