61    14
62    5
63    5
64    8
65    6
66    8
67    12
68    16
69    15
70    12
71    25
72    27
73    41
74    49
75    40
76    74
77    71
78    85
79    88
80    85
81    108
82    129
83    135
84    160
85    171
86    198
87    189
88    221
89    218
90    269
91    280
92    256
93    302
94    283
95    326
96    313
97    335
98    324
99    330
100    335
101    360
102    325
103    346
104    361
105    317
106    318
107    314
108    278
109    254
110    242
111    246
112    259
113    212
114    184
115    170
116    158
117    131
118    146
119    119
120    96
121    81
122    86
123    88
124    76
125    52
126    49
127    49
128    29
129    19
130    20
131    15
132    18
133    9
134    14
135    14
136    7
137    8
138    1
139    15
