76    22
77    15
78    21
79    20
80    39
81    52
82    63
83    86
84    107
85    123
86    186
87    203
88    267
89    327
90    366
91    475
92    542
93    613
94    697
95    721
96    795
97    837
98    880
99    858
100    957
101    938
102    935
103    857
104    815
105    788
106    801
107    671
108    597
109    549
110    504
111    404
112    351
113    286
114    229
115    180
116    151
117    120
118    84
119    66
120    46
121    34
122    31
123    24
124    35
