67    48
68    20
69    24
70    26
71    44
72    62
73    65
74    87
75    107
76    140
77    161
78    195
79    215
80    276
81    325
82    377
83    441
84    487
85    585
86    600
87    707
88    785
89    835
90    998
91    1020
92    1071
93    1230
94    1327
95    1383
96    1383
97    1462
98    1508
99    1528
100    1567
101    1469
102    1437
103    1498
104    1512
105    1448
106    1329
107    1256
108    1203
109    1154
110    1118
111    1009
112    890
113    818
114    697
115    645
116    545
117    484
118    430
119    370
120    319
121    267
122    237
123    232
124    167
125    121
126    108
127    86
128    69
129    50
130    46
131    34
132    30
133    61
