58    3
59    3
60    2
61    2
62    1
63    0
64    4
65    4
66    3
67    2
68    4
69    6
70    5
71    9
72    6
73    18
74    12
75    16
76    15
77    22
78    19
79    24
80    13
81    38
82    26
83    47
84    46
85    50
86    44
87    54
88    55
89    52
90    68
91    71
92    63
93    79
94    58
95    73
96    69
97    77
98    94
99    80
100    79
101    83
102    72
103    63
104    74
105    86
106    88
107    84
108    65
109    62
110    72
111    61
112    56
113    48
114    51
115    41
116    46
117    36
118    41
119    27
120    32
121    25
122    25
123    25
124    18
125    15
126    15
127    20
128    11
129    9
130    8
131    7
132    9
133    6
134    5
135    2
136    3
137    1
138    0
139    1
140    2
141    1
142    4
