58    3
59    0
60    1
61    0
62    3
63    2
64    4
65    1
66    5
67    5
68    6
69    2
70    2
71    10
72    13
73    10
74    11
75    13
76    16
77    22
78    20
79    16
80    33
81    35
82    22
83    42
84    48
85    42
86    49
87    45
88    53
89    49
90    48
91    56
92    61
93    48
94    63
95    67
96    84
97    71
98    59
99    72
100    72
101    73
102    90
103    77
104    74
105    71
106    66
107    63
108    64
109    62
110    67
111    66
112    52
113    44
114    42
115    38
116    43
117    47
118    29
119    31
120    30
121    30
122    31
123    18
124    16
125    12
126    11
127    13
128    8
129    15
130    4
131    4
132    4
133    2
134    8
135    2
136    3
137    4
138    1
139    2
140    1
141    1
142    3
