67    9
68    5
69    9
70    9
71    14
72    11
73    16
74    27
75    17
76    28
77    27
78    49
79    46
80    67
81    64
82    78
83    78
84    99
85    93
86    152
87    148
88    163
89    188
90    190
91    246
92    237
93    257
94    268
95    252
96    294
97    305
98    341
99    299
100    334
101    351
102    331
103    309
104    325
105    300
106    293
107    271
108    271
109    251
110    227
111    201
112    189
113    175
114    145
115    117
116    120
117    112
118    90
119    75
120    72
121    59
122    57
123    38
124    41
125    25
126    17
127    15
128    13
129    12
130    7
131    8
132    5
133    9
