76    65
77    36
78    37
79    52
80    86
81    111
82    144
83    205
84    245
85    371
86    413
87    586
88    607
89    715
90    915
91    1066
92    1249
93    1398
94    1491
95    1732
96    1824
97    2006
98    2022
99    2139
100    2157
101    2188
102    2113
103    2089
104    2027
105    1853
106    1713
107    1617
108    1386
109    1198
110    1041
111    896
112    768
113    654
114    507
115    425
116    335
117    266
118    190
119    156
120    121
121    79
122    52
123    39
124    69
