67    12
68    2
69    5
70    9
71    10
72    6
73    7
74    16
75    21
76    24
77    31
78    22
79    34
80    47
81    70
82    80
83    86
84    89
85    130
86    103
87    131
88    145
89    129
90    167
91    193
92    212
93    197
94    218
95    255
96    225
97    276
98    262
99    258
100    293
101    305
102    275
103    280
104    268
105    233
106    258
107    208
108    207
109    188
110    173
111    180
112    139
113    162
114    131
115    109
116    100
117    85
118    64
119    65
120    50
121    51
122    34
123    39
124    16
125    26
126    32
127    18
128    9
129    15
130    2
131    5
132    4
133    14
