70    10
71    7
72    5
73    6
74    17
75    8
76    15
77    22
78    38
79    37
80    39
81    54
82    59
83    98
84    99
85    110
86    126
87    156
88    173
89    192
90    221
91    230
92    256
93    269
94    307
95    342
96    363
97    360
98    352
99    371
100    369
101    373
102    369
103    374
104    350
105    314
106    315
107    329
108    275
109    278
110    235
111    217
112    182
113    171
114    154
115    137
116    120
117    84
118    84
119    65
120    44
121    42
122    40
123    29
124    27
125    15
126    11
127    9
128    8
129    5
130    17
