73    7
74    5
75    3
76    3
77    8
78    9
79    11
80    14
81    24
82    26
83    40
84    43
85    54
86    64
87    81
88    58
89    91
90    128
91    138
92    158
93    164
94    174
95    215
96    234
97    230
98    247
99    249
100    245
101    237
102    236
103    237
104    235
105    228
106    207
107    184
108    172
109    164
110    140
111    114
112    100
113    109
114    88
115    59
116    73
117    37
118    39
119    40
120    21
121    19
122    22
123    6
124    9
125    13
126    3
127    12
