58    17
59    6
60    6
61    8
62    11
63    6
64    15
65    14
66    18
67    19
68    17
69    34
70    38
71    27
72    47
73    43
74    55
75    71
76    74
77    70
78    87
79    87
80    105
81    135
82    134
83    166
84    170
85    169
86    195
87    205
88    192
89    244
90    281
91    265
92    292
93    276
94    284
95    322
96    327
97    319
98    354
99    346
100    329
101    341
102    349
103    349
104    317
105    339
106    330
107    303
108    319
109    294
110    293
111    277
112    238
113    232
114    218
115    190
116    165
117    166
118    167
119    163
120    122
121    110
122    110
123    100
124    74
125    79
126    72
127    48
128    45
129    37
130    36
131    24
132    22
133    20
134    20
135    16
136    12
137    9
138    9
139    7
140    6
141    3
142    24
