70    6
71    4
72    3
73    7
74    5
75    7
76    8
77    9
78    16
79    16
80    23
81    34
82    36
83    34
84    50
85    52
86    69
87    70
88    70
89    82
90    106
91    106
92    143
93    126
94    145
95    151
96    150
97    160
98    156
99    183
100    201
101    187
102    173
103    173
104    152
105    161
106    164
107    163
108    155
109    128
110    115
111    88
112    101
113    84
114    65
115    58
116    58
117    48
118    30
119    39
120    24
121    18
122    16
123    4
124    11
125    10
126    6
127    2
128    4
129    3
130    7
