64    9
65    4
66    6
67    8
68    10
69    11
70    11
71    11
72    15
73    15
74    27
75    21
76    31
77    36
78    37
79    56
80    48
81    52
82    79
83    78
84    91
85    99
86    100
87    110
88    126
89    126
90    154
91    188
92    192
93    193
94    210
95    239
96    221
97    219
98    231
99    225
100    241
101    247
102    224
103    234
104    223
105    214
106    196
107    212
108    174
109    168
110    163
111    164
112    157
113    141
114    130
115    105
116    96
117    86
118    82
119    65
120    72
121    65
122    56
123    26
124    38
125    30
126    29
127    27
128    16
129    17
130    6
131    6
132    10
133    7
134    1
135    6
136    15
