61    3
62    1
63    1
64    0
65    1
66    0
67    3
68    1
69    3
70    0
71    2
72    5
73    2
74    2
75    5
76    4
77    11
78    6
79    6
80    6
81    8
82    11
83    11
84    12
85    12
86    17
87    16
88    6
89    11
90    15
91    17
92    14
93    22
94    17
95    25
96    20
97    31
98    28
99    24
100    22
101    26
102    24
103    26
104    22
105    21
106    19
107    14
108    15
109    16
110    23
111    19
112    14
113    18
114    16
115    18
116    7
117    13
118    10
119    5
120    10
121    5
122    3
123    4
124    6
125    7
126    5
127    1
128    5
129    0
130    1
131    0
132    1
133    0
134    3
135    3
136    1
137    0
138    0
139    2
