70    11
71    3
72    7
73    7
74    7
75    16
76    18
77    27
78    22
79    30
80    34
81    55
82    78
83    82
84    80
85    97
86    135
87    145
88    177
89    208
90    183
91    240
92    246
93    274
94    288
95    288
96    322
97    337
98    369
99    368
100    369
101    369
102    381
103    324
104    342
105    329
106    293
107    328
108    277
109    247
110    209
111    208
112    202
113    174
114    130
115    103
116    118
117    106
118    69
119    75
120    60
121    47
122    31
123    23
124    19
125    24
126    10
127    11
128    10
129    9
130    15
