70    21
71    7
72    14
73    15
74    19
75    14
76    26
77    30
78    46
79    53
80    52
81    73
82    101
83    119
84    134
85    153
86    191
87    226
88    246
89    273
90    271
91    316
92    366
93    408
94    448
95    456
96    501
97    514
98    499
99    504
100    538
101    506
102    512
103    530
104    465
105    470
106    469
107    455
108    376
109    381
110    370
111    293
112    281
113    247
114    212
115    181
116    144
117    146
118    109
119    90
120    89
121    52
122    46
123    47
124    39
125    31
126    18
127    12
128    10
129    8
130    26
