67    11
68    6
69    7
70    8
71    17
72    24
73    22
74    18
75    33
76    55
77    55
78    76
79    86
80    87
81    112
82    136
83    149
84    157
85    194
86    247
87    248
88    313
89    327
90    351
91    363
92    405
93    431
94    437
95    451
96    509
97    535
98    523
99    532
100    551
101    587
102    576
103    506
104    583
105    480
106    475
107    422
108    444
109    399
110    409
111    346
112    327
113    292
114    243
115    226
116    204
117    171
118    135
119    135
120    127
121    94
122    90
123    75
124    54
125    50
126    38
127    35
128    23
129    19
130    16
131    20
132    7
133    27
