64    64
65    28
66    24
67    31
68    30
69    39
70    63
71    85
72    78
73    107
74    120
75    163
76    182
77    223
78    239
79    301
80    317
81    404
82    433
83    508
84    588
85    654
86    782
87    710
88    817
89    891
90    972
91    1027
92    1130
93    1216
94    1235
95    1253
96    1336
97    1358
98    1451
99    1383
100    1397
101    1411
102    1440
103    1422
104    1460
105    1319
106    1306
107    1275
108    1181
109    1069
110    1071
111    942
112    902
113    859
114    767
115    719
116    656
117    574
118    515
119    468
120    375
121    346
122    295
123    227
124    205
125    174
126    154
127    120
128    110
129    99
130    64
131    58
132    50
133    39
134    38
135    18
136    87
