70    17
71    9
72    10
73    12
74    19
75    13
76    31
77    36
78    42
79    58
80    69
81    74
82    121
83    140
84    151
85    164
86    193
87    234
88    260
89    295
90    334
91    350
92    380
93    385
94    465
95    433
96    519
97    516
98    530
99    575
100    560
101    562
102    576
103    560
104    522
105    453
106    464
107    438
108    416
109    412
110    387
111    346
112    284
113    259
114    223
115    208
116    172
117    144
118    122
119    95
120    86
121    81
122    60
123    46
124    37
125    34
126    26
127    18
128    13
129    12
130    25
