58    6
59    1
60    0
61    5
62    0
63    1
64    1
65    1
66    1
67    4
68    5
69    4
70    6
71    9
72    11
73    15
74    14
75    20
76    21
77    34
78    24
79    23
80    27
81    37
82    32
83    40
84    35
85    50
86    34
87    43
88    50
89    55
90    53
91    61
92    62
93    66
94    63
95    69
96    78
97    79
98    87
99    76
100    72
101    76
102    64
103    63
104    55
105    78
106    87
107    75
108    60
109    60
110    61
111    61
112    42
113    45
114    37
115    33
116    44
117    36
118    30
119    19
120    35
121    36
122    19
123    13
124    11
125    11
126    9
127    11
128    14
129    4
130    4
131    8
132    4
133    2
134    3
135    4
136    6
137    4
138    1
139    1
140    2
141    1
142    10
