61    8
62    2
63    3
64    4
65    7
66    5
67    13
68    15
69    13
70    16
71    14
72    15
73    27
74    28
75    27
76    36
77    37
78    51
79    56
80    76
81    79
82    78
83    92
84    100
85    103
86    104
87    158
88    134
89    137
90    180
91    169
92    188
93    187
94    201
95    200
96    209
97    233
98    200
99    250
100    235
101    221
102    221
103    214
104    234
105    198
106    187
107    241
108    189
109    191
110    195
111    179
112    143
113    135
114    126
115    120
116    107
117    97
118    83
119    70
120    72
121    66
122    50
123    46
124    45
125    37
126    38
127    28
128    31
129    22
130    13
131    10
132    5
133    18
134    12
135    3
136    5
137    2
138    4
139    21
