73    5
74    3
75    4
76    3
77    6
78    11
79    15
80    19
81    29
82    20
83    41
84    50
85    57
86    70
87    78
88    83
89    104
90    126
91    139
92    132
93    157
94    167
95    193
96    217
97    222
98    237
99    217
100    228
101    235
102    238
103    250
104    208
105    204
106    170
107    174
108    147
109    151
110    136
111    114
112    104
113    106
114    79
115    84
116    59
117    37
118    37
119    38
120    24
121    9
122    25
123    6
124    10
125    4
126    2
127    15
