64    12
65    0
66    8
67    5
68    5
69    9
70    4
71    9
72    13
73    13
74    12
75    25
76    33
77    26
78    48
79    53
80    47
81    50
82    86
83    78
84    97
85    102
86    104
87    126
88    135
89    149
90    171
91    214
92    196
93    221
94    211
95    250
96    237
97    242
98    260
99    228
100    257
101    249
102    214
103    237
104    242
105    251
106    229
107    208
108    195
109    178
110    175
111    187
112    165
113    134
114    144
115    119
116    116
117    91
118    85
119    66
120    72
121    61
122    47
123    37
124    48
125    38
126    32
127    16
128    13
129    12
130    9
131    8
132    9
133    11
134    4
135    3
136    18
